0.0
0.0
0.0
0.0
0.0
0.0
0.0
0.0
0.0
0.0
0.0
0.0
0.0
0.0
0.0
0.0
0.0
0.0
0.0
0.0
0.0
0.0
0.0
0.0
0.0
0.0
0.0
0.0
0.0
0.0
0.0
0.0
0.0
0.0
0.0
0.0
0.0
0.0
0.0
0.0
0.0
0.0
0.0
0.0
0.0
0.0
0.0
0.0
0.0
0.0
0.0
0.0
0.0
0.0
0.0
0.0
0.0
0.0
0.0
0.0
0.0
0.0
0.0
0.0
0.0
0.0
0.0
0.0
0.0
0.0
0.0
0.0
0.0
0.0
0.0
0.0
0.0
0.0
0.0
0.0
0.0
0.0
0.0
0.0
0.0
0.0
0.0
0.0
0.0
0.0
0.0
0.0
0.0
0.0
0.0
0.0
0.0
0.0
0.0
0.0
0.0
0.0
0.0
0.0
0.0
0.0
0.0
0.0
0.0
0.0
0.0
0.0
0.0
0.0
0.0
0.0
0.0
0.0
0.0
0.0
0.0
0.0
0.0
0.0
0.0
0.0
0.0
0.0
0.0
0.0
0.0
0.0
0.0
0.0
0.0
0.0
0.0
0.0
0.0
0.0
0.0
0.0
0.0
0.0
0.0
0.0
0.0
0.0
0.0
0.0
0.0
0.0
0.0
0.0
0.0
0.050980393
0.09803922
0.39215687
0.47843137
0.02745098
0.0
0.0
0.0
0.0
0.0
0.0
0.0
0.0
0.0
0.0
0.0
0.0
0.0
0.0
0.0
0.0
0.0
0.0
0.0
0.0
0.0
0.12941177
0.5921569
0.8156863
0.9882353
0.9882353
0.9882353
0.57254905
0.0
0.0
0.0
0.0
0.0
0.0
0.0
0.0
0.0
0.0
0.0
0.0
0.0
0.0
0.0
0.0
0.0
0.0
0.0
0.15686275
0.59607846
0.95686275
0.9882353
0.99215686
0.8784314
0.827451
0.9882353
0.9098039
0.15686275
0.0
0.0
0.0
0.0
0.0
0.0
0.0
0.0
0.0
0.0
0.0
0.0
0.0
0.0
0.0
0.0
0.05882353
0.59607846
0.9372549
0.9882353
0.9882353
0.9882353
0.84705883
0.12156863
0.14509805
0.9882353
0.9882353
0.23529412
0.0
0.0
0.0
0.0
0.0
0.0
0.0
0.0
0.0
0.0
0.0
0.0
0.0
0.0
0.0
0.0
0.3764706
0.9882353
0.9882353
0.9882353
0.9882353
0.8509804
0.11372549
0.0
0.14509805
0.9882353
0.9882353
0.23529412
0.0
0.0
0.0
0.0
0.0
0.0
0.0
0.0
0.0
0.0
0.0
0.0
0.0
0.0
0.0
0.0
0.70980394
0.9882353
0.9882353
0.8627451
0.654902
0.11764706
0.0
0.0
0.3019608
0.9882353
0.9882353
0.23529412
0.0
0.0
0.0
0.0
0.0
0.0
0.0
0.0
0.0
0.0
0.0
0.0
0.0
0.0
0.0
0.0
0.101960786
0.5019608
0.22745098
0.08627451
0.0
0.0
0.0
0.0
0.39215687
0.9882353
0.9882353
0.23529412
0.0
0.0
0.0
0.0
0.0
0.0
0.0
0.0
0.0
0.0
0.0
0.0
0.0
0.0
0.0
0.0
0.0
0.0
0.0
0.0
0.0
0.0
0.0
0.0
0.6156863
0.9882353
0.9882353
0.23529412
0.0
0.0
0.0
0.0
0.0
0.0
0.0
0.0
0.0
0.0
0.0
0.0
0.0
0.0
0.0
0.0
0.0
0.0
0.0
0.0
0.43137255
0.4745098
0.47843137
0.4745098
0.7921569
0.9882353
0.7607843
0.011764706
0.0
0.0
0.0
0.0
0.0
0.0
0.0
0.0
0.0
0.0
0.0
0.0
0.0
0.0
0.0
0.0
0.0
0.039215688
0.20784314
0.7019608
0.99215686
0.99215686
1.0
0.99215686
0.99215686
0.89411765
0.13725491
0.0
0.0
0.0
0.0
0.0
0.0
0.0
0.0
0.0
0.0
0.0
0.0
0.0
0.0
0.0
0.0
0.019607844
0.21176471
0.8901961
0.9882353
0.9529412
0.89411765
0.6666667
0.9490196
0.9882353
0.9882353
0.90588236
0.45882353
0.023529412
0.0
0.0
0.0
0.0
0.0
0.0
0.0
0.0
0.0
0.0
0.0
0.0
0.0
0.0
0.023529412
0.30588236
0.9882353
0.9882353
0.49019608
0.23137255
0.0
0.07058824
0.8156863
0.9882353
0.9882353
0.9882353
0.9882353
0.34117648
0.02745098
0.0
0.0
0.0
0.0
0.0
0.0
0.0
0.0
0.0
0.0
0.0
0.0
0.019607844
0.5294118
0.9882353
0.9882353
0.7058824
0.0627451
0.0
0.08235294
0.79607844
0.99215686
0.96862745
0.5058824
0.6784314
0.9882353
0.9882353
0.72156864
0.25882354
0.19215687
0.19215687
0.0
0.0
0.0
0.0
0.0
0.0
0.0
0.0
0.011764706
0.53333336
0.9882353
0.94509804
0.41568628
0.06666667
0.0
0.20784314
0.78431374
0.9882353
0.84705883
0.25490198
0.0
0.05490196
0.28235295
0.6392157
0.94509804
0.9882353
0.9882353
0.8745098
0.0
0.0
0.0
0.0
0.0
0.0
0.0
0.0
0.4117647
0.9882353
0.9490196
0.34509805
0.07058824
0.28627452
0.6666667
0.95686275
0.9882353
0.49411765
0.11372549
0.0
0.0
0.0
0.0
0.0
0.34901962
0.7058824
0.7058824
0.14509805
0.0
0.0
0.0
0.0
0.0
0.0
0.0
0.0
0.90588236
0.9882353
0.9607843
0.8039216
0.84705883
0.9882353
0.9882353
0.9882353
0.4862745
0.011764706
0.0
0.0
0.0
0.0
0.0
0.0
0.0
0.0
0.0
0.0
0.0
0.0
0.0
0.0
0.0
0.0
0.0
0.0
0.8117647
0.9882353
0.9882353
0.9882353
0.9882353
0.69803923
0.45490196
0.14117648
0.015686275
0.0
0.0
0.0
0.0
0.0
0.0
0.0
0.0
0.0
0.0
0.0
0.0
0.0
0.0
0.0
0.0
0.0
0.0
0.0
0.050980393
0.3647059
0.56078434
0.4745098
0.09019608
0.023529412
0.0
0.0
0.0
0.0
0.0
0.0
0.0
0.0
0.0
0.0
0.0
0.0
0.0
0.0
0.0
0.0
0.0
0.0
0.0
0.0
0.0
0.0
0.0
0.0
0.0
0.0
0.0
0.0
0.0
0.0
0.0
0.0
0.0
0.0
0.0
0.0
0.0
0.0
0.0
0.0
0.0
0.0
0.0
0.0
0.0
0.0
0.0
0.0
0.0
0.0
0.0
0.0
0.0
0.0
0.0
0.0
0.0
0.0
0.0
0.0
0.0
0.0
0.0
0.0
0.0
0.0
0.0
0.0
0.0
0.0
0.0
0.0
0.0
0.0
0.0
0.0
0.0
0.0
0.0
0.0
0.0
0.0
0.0
0.0
0.0
0.0
0.0
0.0
0.0
0.0
0.0
0.0
0.0
0.0
0.0
0.0
0.0
0.0
0.0
0.0
0.0
0.0
0.0
0.0
0.0
0.0
0.0
0.0
0.0
0.0
0.0
0.0
0.0
0.0
0.0
0.0
0.0
0.0
0.0
0.0
0.0
0.0
0.0
0.0
0.0
0.0
0.0
0.0
0.0
0.0
0.0
0.0
0.0
0.0
0.0
0.0
0.0
0.0
0.0
0.0
0.0
0.0
0.0
0.0
0.0
0.0
0.0
0.0
0.0
0.0
0.0
0.0
0.0
0.0
0.0
0.0
0.0
