0.019607843831181526
0.007843137718737125
0.019607843831181526
0.04313725605607033
0.007843137718737125
0.003921568859368563
0.007843137718737125
0.05882352963089943
0.0313725508749485
0.0313725508749485
0.02745098061859608
0.0313725508749485
0.02745098061859608
0.003921568859368563
0.01568627543747425
0.0
0.0
0.0
0.0
0.003921568859368563
0.0
0.003921568859368563
0.003921568859368563
0.0
0.0
0.0
0.0
0.003921568859368563
0.0117647061124444
0.062745101749897
0.003921568859368563
0.05098039284348489
0.37113726258277896
0.19756863057613375
0.2510588285326958
0.17270588696002961
0.16109804205596448
0.20184314519166946
0.27854902788996694
0.17278431832790375
0.1832156902551651
0.27729413092136385
0.3218431478738785
0.27898040041327477
0.2959215758740902
0.46329412996768954
0.32203922629356385
0.39894118249416355
0.23945098608732224
0.2656862835586071
0.31415687382221225
0.4159607893228531
0.20827451735734942
0.25905883297324184
0.21584313929080964
0.2264313790202141
0.2852549147605896
0.3245882457494736
0.22113725662231448
0.7234117811918259
0.37537255644798284
0.21878432065248488
0.2694509941339493
0.18066667079925536
0.29039216935634615
0.21725490391254426
0.18443137645721439
0.20015686571598054
0.21596078634262086
0.1910196113586426
0.1596470642089844
0.26396079346537593
0.18203921973705292
0.28913726747035984
0.39490196704864505
0.30639216348528864
0.36937255680561065
0.34309804856777193
0.2839215765893459
0.46725492388010026
0.4842353051900864
0.32725491225719455
0.3768627524375916
0.35705883204936983
0.8997647118568421
0.26301961705088617
0.3924705946445466
0.486470609009266
0.23027451604604723
0.48003923684358596
0.4171372598409653
0.31427452087402347
0.20431372821331026
0.34533334255218506
0.29729412481188777
0.274784322232008
0.25388235777616497
0.14125490598380566
0.21066666901111603
0.24333333879709246
0.3417254996299744
0.24090196639299394
0.14400000385940076
0.2476078483462334
0.174313727542758
0.3257255005836487
0.4356470626592637
0.3706666743755341
0.21078431606292725
0.47494118809700014
0.3978823590278626
0.4385098075866699
0.38988235950469974
0.34019608795642853
0.4267843180894852
0.3491372638940812
0.34058824479579924
0.31933334410190584
0.3713725566864014
0.33098040223121644
0.32164706945419314
0.5545098206400871
0.4394117683172226
0.42368627905845646
0.40019608438014986
0.3858823597431183
0.24729412779212
0.2681568716466427
0.21843137443065647
0.16878431856632234
0.21682353630661966
0.2902745223045349
0.3386666762828827
0.2602745191752911
0.18501961432397368
0.3491764795780182
0.37156863510608673
0.36639216482639314
0.20282353222370147
0.2894509880244732
0.2694509892165661
0.18972549378871917
0.35705883204936983
0.2841960863769054
0.4087058877944947
0.4828627660870552
0.313058829754591
0.338823539018631
0.42933333754539493
0.2527843235433102
0.5792157113552094
0.42643137693405153
0.6421568840742111
0.4107058876752854
0.2629804013669491
0.5560392323136331
0.25788236245512963
0.28133334636688234
0.3583921653032303
0.23039216309785843
0.29321569368243217
0.36219608664512637
0.4514117676019669
0.20529412031173705
0.22372549667954447
0.9215686321258545
0.5180000188946724
0.42392157316207885
0.20545098304748538
0.5337255081534387
0.6721960979700089
0.4892549225687981
0.27372549876570706
0.46149020820856096
0.5807058975100517
0.5507843306660652
0.4328627589344979
0.5153333523869514
0.4749804136157036
0.3926274573802948
0.34686275422573093
0.2633333425223828
0.8093333446979523
0.4420784348249435
0.345294126868248
0.2501568727195263
0.5497255071997642
0.8983137315511704
0.2852549147605896
0.28509805202484134
0.4069019663333893
0.24333333879709246
0.20168627738952638
0.15305882930755615
0.5792549270391465
0.16098039500415326
0.22796079561114313
0.20415686547756198
0.4837647166848183
0.2787451063096523
0.6358039432764053
0.5349411943554878
0.565176486670971
0.4959608045220375
0.24196079477667812
0.6656862944364548
0.6432549232244492
0.5062745293974876
0.3414117741584778
0.4878039422631264
0.5453725662827492
0.6565098243951798
0.7296862906217576
0.2867451058328152
0.5146666857600213
0.44482353270053865
0.23050981014966965
0.44215686619281774
0.2750588320195675
0.439607846736908
0.24862746104598046
0.5720392313599587
0.2380784371495247
0.21600000202655795
0.2540000097453594
0.22764706015586855
0.21086275249719622
0.21701961472630502
0.3637647140026093
0.4067843192815781
0.3676078510284424
0.19113725841045381
0.3887843203544617
0.31945099115371706
0.4685490316152573
0.40819608390331263
0.5283529594540597
0.6109411898255349
0.6474117857217789
0.3989019668102265
0.37294117912650104
0.45654903203248975
0.4356470626592637
0.6067843273282052
0.45501962035894394
0.30101961478590966
0.29313726231455806
0.4799215796589852
0.3405882398784161
0.4343921607732773
0.33509804904460905
0.6246274733543397
0.473764717578888
0.426666671037674
0.2616862837970257
0.4565882378816605
0.370078439116478
0.2524705980718136
0.2258823619037867
0.18443137645721436
0.24741177484393123
0.41482353448867804
0.34917647957801823
0.4646666789054871
0.21725490882992746
0.2331764815747738
0.3588235378265381
0.475215707719326
0.5550588402152061
0.4920784518122673
0.4800000211596489
0.529607861340046
0.2512941275537014
0.3389803968369961
0.5910196223855019
0.6290196299552917
0.6526274716854096
0.5051372745633125
0.8826666736602784
0.39772549629211423
0.22298039883375168
0.22270589396357537
0.2816862826049328
0.40870588779449457
0.32078432440757754
0.3322353041172028
0.5336078709363937
0.48282354056835175
0.1858039253950119
0.17266667127609253
0.13509804360568523
0.23164706498384477
0.27090196952223783
0.49101961851119996
0.25541177436709406
0.4216470634937286
0.15968627743422986
0.25941177412867544
0.3823137325048447
0.40352941751480104
0.3623137336969376
0.4094902014732361
0.6734117841720582
0.4983137455582619
0.379254909157753
0.4145490345358849
0.45007844418287285
0.5949411907792092
0.546862762272358
0.4267451024055481
0.2892156939208508
0.41878431856632237
0.31262746214866644
0.26984314605593684
0.2147451052069664
0.3638823610544205
0.44501962125301364
0.3520392245054245
0.1884313762187958
0.2343529471755028
0.1662352991104126
0.15956863284111025
0.20023529708385468
0.21839216366410258
0.2709019695222378
0.3677647137641907
0.2448627553880215
0.29196079179644585
0.159764708802104
0.38882353603839875
0.2199215804040432
0.3222745154798031
0.323294123262167
0.44337255239486695
0.40411766260862353
0.49823531419038775
0.477372570335865
0.3635686355829239
0.5218823716044426
0.2472549121081829
0.30478432044386866
0.3035294185578823
0.32580392703413963
0.2851372627913952
0.3375686371326447
0.25290197059512143
0.4083921623229981
0.4045098096132279
0.34180393099784856
0.5599215948581696
0.3324705982208252
0.25125491186976434
0.138745102211833
0.13478431813418865
0.2066666692495346
0.43549019992351534
0.2136078503727913
0.2670588324964046
0.2289019669592381
0.27760785147547723
0.15180392496287823
0.3887843203544617
0.422862749695778
0.49364707916975026
0.35733334183692933
0.48050982505083084
0.48133335441350944
0.49945100039243706
0.46458825737237935
0.5950196221470834
0.5401176646351814
0.6159215915203095
0.36094118475914005
0.398117653131485
0.49458825558424
0.6245490419864655
0.7356470745801926
0.4096078485250473
0.233294128626585
0.4017647117376328
0.5258039399981499
0.4865490403771401
0.40454902529716497
0.34552942097187045
0.16474510312080384
0.18709804296493532
0.12180392675101757
0.20407843410968782
0.21196078658103945
0.2749019692838192
0.5358431550860405
0.19003921926021577
0.16615686528384688
0.3024313794076443
0.391647065281868
0.667411784529686
0.4215686321258545
0.5210196265578271
0.4999215885996819
0.3010588304698467
0.4853333541750908
0.5218039402365685
0.6303529632091522
0.45513726741075516
0.5180392345786095
0.3261960838735104
0.3387843184173107
0.6645098239183427
0.39133333981037144
0.4201176518201828
0.37192157626152045
0.527450998723507
0.4567451107501984
0.40066667258739475
0.4709804040193558
0.34054902911186224
0.21850980579853058
0.17133333802223208
0.13219608299434185
0.283960792273283
0.30082353636622433
0.38976471245288846
0.30121569320559505
0.2983921639621258
0.3000000070035458
0.28952941939234733
0.5223137441277504
0.46329412996768954
0.44647060155868534
0.43341177880764015
0.5080392351746559
0.5208627638220787
0.5233725675940514
0.5061960980296135
0.4656078550219536
0.3218431429564953
0.49698041230440143
0.22541177123785022
0.4408235427737236
0.5198823717236519
0.5225490382313729
0.23831373617053034
0.33160784825682643
0.28560785099864006
0.8918823593854904
0.2349019692093134
0.2946274583041668
0.3819607913494111
0.07992157008498908
0.16486274771392345
0.16749020099639894
0.14254902355372906
0.3047843253612519
0.21827451661229136
0.4328235334157944
0.45772550255060196
0.1938823538273573
0.2311764792352915
0.5144706073403358
0.5810588386654854
0.340549024194479
0.40192157447338106
0.42435295581817634
0.4031372606754303
0.23180393263697624
0.5089411959052086
0.4277647200226784
0.31392157480120664
0.4957255104184151
0.5338039395213128
0.5903137400746346
0.5747058978676797
0.25384314700961114
0.4893333539366722
0.37447059571743013
0.5587843301892281
0.21619608551263808
0.2229803988337517
0.39047059476375584
0.3314902012050152
0.3282353043556213
0.20937255144119266
0.17925490617752077
0.33627451956272125
0.4578431397676468
0.6864706069231034
0.3126274572312832
0.23156863853335383
0.3625882434844971
0.28952941939234733
0.2616862837970257
0.31035294756293297
0.44639217019081123
0.3980784374475479
0.35760784670710566
0.5546666833758355
0.5638823691010475
0.5885490342974663
0.47850981503725054
0.4106274661421776
0.28780392929911613
0.5757647213339805
0.4620000123977661
0.26184314653277396
0.5261568811535835
0.4540392282605171
0.4439215821027756
0.4216078478097916
0.4080392211675644
0.5474902132153512
0.4623921692371369
0.5272157046198845
0.3414117692410946
0.4120392209291458
0.5178823718428612
0.4693333449959755
0.3856470656394959
0.5596078595519066
0.26192157790064813
0.35349019989371305
0.5315686455368995
0.24807843901216986
0.16815687023103237
0.3063529478013516
0.5459215858578682
0.3512941215932369
0.38207843840122224
0.45274511069059376
0.503764725625515
0.5221960970759392
0.41329413264989856
0.5439608016610146
0.35403921946883204
0.49972551017999656
0.43070588648319247
0.4266666808724403
0.5105490389466286
0.4778039428591728
0.34062746047973635
0.5191372737288475
0.2897254978120327
0.2606274603307247
0.24219608888030053
0.1836862810701132
0.9817254912853242
0.6918823713064194
0.31788235887885097
0.3478823620080948
0.48639216750860215
0.9648235315084458
0.393803927898407
0.46050980627536775
0.3993725550174713
0.34172549471259117
0.31576471194624905
0.19901961088180542
0.2868627528846264
0.3509019696712494
0.47235296279191974
0.49980394154787067
0.28952941939234733
0.3794117768108845
0.27494118496775627
0.45521569877862933
0.38749020770192144
0.6264706006646157
0.5107059016823768
0.3600000083446503
0.21105882845818996
0.23725491270422938
0.523725508749485
0.4223137353360653
0.3789803944528103
0.4280392199754715
0.3182745157182217
0.24364706918597223
0.17800000429153442
0.17670588672161103
0.13741176895797252
0.16490196339786053
0.1544705914705992
0.17800000429153445
0.17541176669299602
0.2829411844909191
0.5416862919926644
0.23717648133635522
0.3531764793395996
0.28686275288462637
0.26592157766222957
0.34698040127754215
0.4514117774367333
0.3050588302314282
0.2566274605691433
0.5023137453198433
0.38721569791436194
0.3604313759505749
0.4337255042791367
0.6502353149652482
0.530156880915165
0.6021568766236305
0.25423530384898185
0.37082353711128235
0.888352947831154
0.27262745961546897
0.3054117713868618
0.347529415935278
0.20098039768636228
0.2672941266000271
0.19768627762794497
0.21203921794891356
0.14266667060554028
0.2003529441356659
0.1780392199754715
0.2471764807403088
0.2649804012477398
0.2670588324964046
0.27400000855326656
0.2907843212783337
0.6292549240589143
0.2814117728173733
0.17823529593646525
0.43458823919296263
0.38066667377948765
0.2827058903872967
0.25815687224268913
0.36721568927168846
0.2749804006516934
0.38082353159785276
0.4785490307211876
0.6029804059863091
0.2384705989062786
0.46486275732517246
0.2122745171189308
0.37705882593989376
0.3889019674062729
0.48694119721651075
0.4520784443616867
0.17317647270858288
0.4729019725322724
0.2975294189155102
0.05898039486259222
0.09294117838144303
0.12047059349715711
0.18945098400115967
0.06411764945834875
0.2812156943976879
0.12690196566283704
0.6803921759128571
0.7969804042577744
0.24733334347605707
0.20815686523914337
0.30619608506560325
0.17305882565677166
0.1636470615118742
0.5688235452771186
0.7113725563883782
0.21223530389368536
0.3104313789308072
0.2918431447446347
0.361019611209631
0.5716470745205879
0.4654902079701424
0.3563921605050564
0.35239216074347496
0.3601960867643357
0.38345098733901983
0.29360785052180294
0.22580393053591252
0.37078431650996213
0.5107451075315476
0.26984314605593684
0.2676862834393978
0.1400392197817564
0.04066666735336185
0.07592157032340766
0.23270588830113415
0.08384313847869636
0.2890196155011654
0.1191764734685421
0.2606274603307247
0.225294124186039
0.21584314420819284
0.36749020397663124
0.19741176784038544
0.6548627656698227
0.3218431429564953
0.3921176633238793
0.44090197414159776
0.3763921740651131
0.44454903274774554
0.36384314045310023
0.43215688675642017
0.4721961000561714
0.599529435634613
0.3495686315000057
0.770901974439621
0.7529804068803787
0.1903137316554785
0.33933333799242976
0.4623921692371369
0.1799215754121542
0.3612549102306366
0.21909804612398148
0.22792157992720605
0.036745098959654575
0.0562745126709342
0.06156863000243902
0.060235296748578554
0.07078431572765112
0.07474509980529548
0.09305882420390846
0.22537255801260475
0.18337255053222182
0.4436078464984894
0.45137256175279616
0.19635294437408446
0.21309804633259774
0.3719215713441372
0.4460784444212913
0.4721961000561714
0.3651764737069607
0.4057647164165974
0.3923529525101185
0.5400392332673073
0.4425098223984242
0.4388627588748932
0.23200001105666163
0.22545098692178728
0.9105490249395372
0.4583137479424477
0.1901176481693983
0.13129412103444338
0.6256470713019372
0.46207844376564033
0.2701568715274334
0.2023921623080969
0.06415686514228583
0.044588235747069126
0.3595686309039593
0.15435294441878797
0.36474510610103605
0.06027451243251562
0.5550588402152061
0.19007843248546125
0.1572156893461943
0.13117647398263216
0.7869411891698836
0.2986666737496853
0.47227453142404563
0.36258823856711386
0.5255294302105904
0.48529413849115377
0.4004705990850925
0.46435295313596725
0.5478039386868477
0.4461568757891655
0.806941187977791
0.5798431524634362
0.1680000024288893
0.32796078965067865
0.653411785364151
0.18631373189389708
0.16388235561549663
0.34705883264541626
0.48501961857080467
0.4459215816855431
0.33933334290981293
0.20113726042211055
0.14388235680758954
0.14000000409781935
0.18847059190273285
0.27337255515158176
0.2376470670849085
0.38709805116057394
0.39360785469412807
0.5500392326712609
0.4896862950921059
0.30262745782732964
0.20145098574459552
0.5349411943554878
0.574392172396183
0.4124705983698368
0.3745490221679211
0.4945490399003029
0.6658039316534996
0.4290196219086647
0.5270980575680733
0.4921568831801415
0.42152942627668377
0.35901961132884025
0.3092156927287579
0.3189411823451519
0.21654902912676335
0.16780392400920394
0.11780392698943615
0.35705883204936983
0.3609804004430771
0.1767843180894852
0.3742352966964245
0.2609411858022213
0.33086275026202205
0.15431372873485089
0.2706274597346783
0.24647059842944147
0.47827452614903454
0.5520784482359886
0.5429804095625878
0.5523921737074852
0.14576470840722322
0.24760785326361656
0.4424706116318703
0.4318823619186879
0.5469411936402321
0.3560000036656857
0.4868235501646996
0.3930196240544319
0.5450980564951897
0.41203923076391225
0.5572941341996194
0.4013725601136685
0.21905882798135284
0.9441568660736086
0.2685490284860134
0.31572549626231194
0.6149804151058197
0.15741176776587965
0.2447058901935816
0.839411774277687
0.7165882521867752
0.448784316778183
0.40545098602771756
0.7857255029678345
0.541529429256916
0.336196083277464
0.40278432935476305
0.36113725826144216
0.2304313836991787
0.19117647655308245
0.4424706116318703
0.22533334232866764
0.2227843253314495
0.5101960977911949
0.6540392264723778
0.46035295337438586
0.9517647087574005
0.4396470673382282
0.4931372752785683
0.5244706067442895
0.6606274613738061
0.6657647258043289
0.5975686416029931
0.2799607925117016
0.6936862927675248
0.8061960899829865
0.39796079039573673
0.3166666726768017
0.23066667288541795
0.17317647270858288
0.27070589110255244
0.3924313789606094
0.4109411817789078
0.5479215857386589
0.72831374168396
0.5940000143647194
0.3690588313341141
0.3021568696200848
0.2954902033507824
0.2396862826496363
0.5780392310023308
0.3871764773130417
0.338941181153059
0.27760785147547723
0.2761960868537426
0.3610980425775051
0.7555686420202256
0.5725882509350777
0.49823531419038775
0.4876470693945885
0.4692941293120385
0.8694117724895478
0.7322745257616043
0.6952549201250077
0.48796080499887473
0.663647078871727
0.5372157040238381
0.2604313819110394
0.34156863197684284
0.5179215875267983
0.17019608072936537
0.43584314107894906
0.2943529485166073
0.2132941247522831
0.4747058936953545
0.3661568707227707
0.46184315949678423
0.515607862174511
0.4840784522891045
0.338941181153059
0.3623529444634915
0.4158039364218712
0.2694902049005032
0.3608235327899456
0.41996079400181774
0.4381176605820656
0.5100784507393837
0.4133333483338356
0.5584706047177315
0.5020784512162209
0.6278823652863503
0.7978823649883271
0.47050981551408766
0.5401568803191186
0.56250982016325
0.6904313910007478
0.5976470729708672
0.40607844188809394
0.8954902023077012
0.34545098468661306
0.8707058900594713
0.426431386768818
0.5977647298574448
0.33490196570754055
0.22376470744609833
0.4943529614806176
0.7087451153993607
0.2898039291799068
0.4917255106568337
0.26705883249640466
0.5649019768834114
0.304980398863554
0.40576471149921417
0.3178039275109768
0.4318823570013046
0.3505882392823696
0.45254903227090837
0.5649019768834115
0.581921583712101
0.5006274607777595
0.4800000211596489
0.4513725617527962
0.5872549167275429
0.6069411900639534
0.8667843216657638
0.6982353121042252
0.5860784462094307
0.45921569362282755
0.5976470729708672
0.47611766844987874
0.3895686340332032
0.4510588362812996
0.531254920065403
0.6381176686286927
0.5324313905835152
0.7429019761085511
0.7769411897659302
0.4905098244547844
0.39650981009006503
0.25039216682314874
0.4685098257660866
0.5575686439871788
0.39623530030250553
0.2550588332116604
0.27627451822161675
0.528588253557682
0.5235294303297997
0.25388236269354825
0.5336470767855644
0.2566666762530804
0.7140392327308656
0.41972550481557847
0.5532549187541008
0.6072549155354501
0.6017255041003228
0.4459215816855431
0.3636078463494778
0.7571764850616456
0.5154509994387627
0.8134117758274079
0.541490213572979
0.5883529558777809
0.41058825045824054
0.34258824467659
0.658235314488411
0.7099215859174729
0.688078440129757
0.5308235475420953
0.3127843199670315
0.4762353155016899
0.2629804013669491
0.3796470659971237
0.4971372750401497
0.4960784515738487
0.37549019858241084
0.45058825820684434
0.31007843777537347
0.4721176585555077
0.3942745161056519
0.20705883361399174
0.2458431474864483
0.350666675567627
0.36364706695079807
0.41603923052549363
0.6565882557630539
0.29745098754763605
0.44313726812601095
0.5715294274687768
0.4655686393380165
0.6028627589344978
0.5780000153183937
0.9921568632125854
0.5114509996771812
0.5179608032107353
0.986980392932892
0.8354902058839798
0.5507058992981911
0.6181960913538933
0.774156876206398
0.8276862847805024
0.8658039295673372
0.22031373232603074
0.6724706077575684
0.15682353634387255
0.14929412410594523
0.33254902467131614
