0.0235294122248888
0.007843137718737125
0.007843137718737125
0.02745098061859608
0.007843137718737125
0.05490196123719216
0.03921568766236305
0.062745101749897
0.02745098061859608
0.007843137718737125
0.02745098061859608
0.0
0.0313725508749485
0.0117647061124444
0.06666667014360428
0.0
0.003921568859368563
0.003921568859368563
0.003921568859368563
0.003921568859368563
0.003921568859368563
0.003921568859368563
0.003921568859368563
0.003921568859368563
0.003921568859368563
0.003921568859368563
0.003921568859368563
0.003921568859368563
0.007843137718737125
0.01568627543747425
0.0470588244497776
0.003921568859368563
0.3389411860704422
0.3480392247438431
0.34019608795642853
0.3376078478991985
0.38854902625083926
0.3416078525781632
0.285568635314703
0.3469411855936051
0.24474510833621027
0.30352941855788235
0.4302745139598847
0.45898040443658833
0.38466667354106904
0.46435295313596725
0.3454509896039963
0.40819608390331263
0.4280784356594086
0.4384313762187958
0.4044313782453537
0.4411764842271805
0.43568627834320073
0.7203921735286714
0.7937255024909974
0.5568235558271408
0.3389411860704422
0.34027451440691947
0.33639216169714925
0.29968628153204924
0.32584314271807674
0.3858823597431183
0.44596079736948013
0.4397254937887192
0.3507451069355011
0.32980392679572107
0.3181176529824734
0.35600000858306885
0.40698039770126343
0.4462352973222733
0.3953333395719528
0.40572549581527717
0.3390196174383164
0.3074902026355267
0.5126666858792306
0.3243137359619141
0.33231373056769375
0.4721961000561714
0.3795686346292496
0.46572551220655445
0.404588240981102
0.3678823608160019
0.3848627519607544
0.4266274553537369
0.40568628013134006
0.47513727635145186
0.8106666779518128
0.6706666862964631
0.4081568682193756
0.3714902037382126
0.320588241070509
0.2918039290606976
0.3153725551068783
0.36890196859836577
0.4421568661928177
0.43431372940540314
0.3468627542257309
0.3521568666398526
0.34419608771800997
0.2567058919370174
0.33776471555233
0.40968627989292145
0.3965490257740021
0.40325490772724154
0.4568235421180725
0.5428235468268394
0.32309804975986484
0.3492941266298294
0.3636862826347351
0.39372549653053285
0.3702353018522263
0.4267451024055481
0.43615687668323516
0.4411764940619469
0.4305490237474442
0.47388237446546555
0.5492549189925194
0.4632549241185189
0.5219215872883797
0.3532549107074738
0.3766666740179062
0.3545098125934601
0.3349804019927979
0.3493333423137665
0.2749411849677563
0.37411765456199647
0.36254902780056003
0.30898039862513543
0.37309804677963254
0.3600000083446503
0.35733334183692933
0.3402745193243027
0.3651764786243439
0.3494509893655777
0.47121570795774465
0.3847451049089432
0.43301961183547977
0.6249411988258362
0.5897647303342819
0.3976470649242401
0.42776471018791196
0.41996078908443457
0.3703921645879745
0.4710980609059334
0.4869019815325737
0.43337256312370304
0.4280784356594086
0.3900784379243851
0.44788236618041993
0.3990980452299118
0.3688627529144287
0.37282353699207305
0.37933334052562717
0.3963529473543167
0.3623529493808747
0.4577647083997727
0.3558039301633835
0.3546274596452713
0.31929412350058556
0.3703137332201004
0.34835294529795646
0.3625882434844971
0.3637647140026093
0.3574117732048035
0.34678432285785676
0.2959607915580273
0.3705098116397858
0.38466667354106904
0.39505882978439333
0.48784315794706345
0.4760784527659417
0.37545098781585695
0.4512941205501556
0.42258823990821837
0.531254920065403
0.4672941395640373
0.4228235340118408
0.4450980624556542
0.40047059416770936
0.383568634390831
0.4189803969860077
0.4658039337396622
0.43047059237957
0.34407844066619875
0.42517647504806516
0.40945098578929906
0.3101176534593105
0.24349020645022396
0.30494118317961694
0.37419608592987064
0.34415687203407286
0.37027451753616336
0.37317647814750676
0.3638823610544205
0.36521569430828094
0.3820392227172852
0.41486275017261504
0.4096078485250473
0.39780392765998845
0.4852941384911537
0.5492941346764565
0.5178823718428612
0.4394901996850967
0.46698040395975116
0.3977254962921143
0.4252549064159393
0.47658825665712357
0.4725490412116051
0.46329413980245593
0.4737647274136544
0.4543529638648034
0.46870590418577196
0.44650982707738884
0.46062746345996863
0.29705883070826533
0.39905882954597477
0.35717647910118105
0.4004313784837723
0.3794117718935013
0.3610588318109512
0.39776471197605134
0.37145098805427557
0.393803927898407
0.34411765143275264
0.36003922402858735
0.37572549760341645
0.39921569228172304
0.3873725557327271
0.3743137329816818
0.37035294890403747
0.43301961183547977
0.43431372940540314
0.4290196120738984
0.6592157065868378
0.4722353157401085
0.575450995862484
0.4134117698669434
0.4487058952450752
0.5392941352725029
0.4489411994814873
0.5232941362261772
0.4698431590199471
0.4818431583046913
0.45674512058496475
0.40039216279983525
0.42803921997547156
0.4474117678403855
0.3610980474948884
0.39901961386203766
0.4774509918689728
0.36239216506481176
0.3283529514074326
0.45003922849893574
0.3322353041172028
0.38976471245288846
0.36121569454669955
0.36278431698679925
0.5390980568528175
0.40835294663906097
0.40835294663906097
0.4330588275194168
0.39901961386203766
0.45909805148839955
0.3675294196605683
0.43686275869607927
0.400274515748024
0.39376471221446996
0.5100784507393837
0.4316862884163857
0.40564706444740295
0.4710980609059334
0.4476470819115639
0.4357647195458413
0.4529019835591317
0.3691372627019882
0.3574117682874203
0.332470593303442
0.3860392224788666
0.4081176525354386
0.41733333826065067
0.47486275672912603
0.34925491094589234
0.42933333754539493
0.4447451111674309
0.256470597833395
0.3650588315725327
0.3074902026355267
0.3037647126615048
0.34184314176440245
0.39403922200202945
0.4122352993488312
0.4342745137214661
0.43823529779911047
0.46176471799612046
0.45376471847295763
0.42384314179420474
0.3779607915878296
0.47207844287157064
0.4160784363746643
0.6526666775345803
0.4263921612501145
0.43964707225561145
0.42925491601228716
0.4121960934996606
0.3585490280389786
0.34937255308032034
0.3822353011369706
0.42278431832790375
0.4436078464984894
0.41729412257671356
0.41745098531246183
0.4030196136236191
0.35333334207534794
0.36764706671237946
0.4569019734859467
0.28392157658934597
0.3440392249822617
0.3740784388780594
0.341529421210289
0.3689411842823029
0.35231372937560085
0.3705098116397858
0.4031372606754303
0.45254903227090837
0.418588240146637
0.44337255239486695
0.4043137311935425
0.5021960982680321
0.3949803984165192
0.40419608414173125
0.44478432685136793
0.7272549182176591
0.5963921710848809
0.44741177767515183
0.4069019663333893
0.4265098181366921
0.37282353699207305
0.41094118177890776
0.3978823590278626
0.5157255092263222
0.44223529756069185
0.37156863510608673
0.4763137468695641
0.34274510741233827
0.49305884391069416
0.41607843637466435
0.4814510014653206
0.37145098805427557
0.3505490285158157
0.31800000593066213
0.39376471221446996
0.41090196609497076
0.3273725543916226
0.3338039265573025
0.3963529473543167
0.42498039662837983
0.46435295313596725
0.41074510335922243
0.5532549187541008
0.45129413038492205
0.36756863534450535
0.44596079736948013
0.5361960962414742
0.7794509935379028
0.6578823634982109
0.5284706065058709
0.43035295516252514
0.41470588743686676
0.38466667354106904
0.33756863221526145
0.522039234340191
0.36141176804900177
0.33517647549510005
0.29831373259425165
0.34290197014808654
0.45435295403003695
0.3466666758060456
0.26184314653277396
0.4347058963775635
0.3427843181788922
0.3205098097026348
0.3350588284432888
0.33760785281658173
0.40949020147323606
0.32737255439162255
0.4213725537061691
0.39521569252014166
0.3547058910131455
0.3924313789606094
0.37678432106971743
0.36890196859836577
0.46823530584573747
0.4499215814471245
0.4081176525354386
0.39631373167037964
0.4132941228151321
0.7323921728134155
0.5362745276093484
0.41074510335922243
0.3898431438207627
0.36890196859836577
0.32709804460406305
0.36784314513206484
0.5289411947131157
0.3116862808167935
0.3912941241264344
0.2527451078593731
0.340549024194479
0.38192157566547397
0.44349019944667817
0.40450980961322786
0.3507451069355011
0.28533334121108056
0.25658824488520626
0.3429019652307034
0.38596079111099246
0.313058829754591
0.38733334004879
0.6306274729967117
0.37282353699207305
0.4016078490018845
0.4681960901618004
0.4251764750480652
0.4445882484316826
0.4603137376904488
0.3924313789606094
0.5009019806981088
0.4263921710848808
0.3035686342418194
0.5414117822051049
0.4394901996850967
0.432941190302372
0.4394117683172226
0.4355294156074524
0.37850980624556546
0.34964706286787983
0.26866667553782464
0.24874510809779168
0.39258824169635775
0.4159215736389161
0.2513333432376385
0.283960792273283
0.4678823748230934
0.480588256418705
0.4003529471158982
0.2566666762530804
0.328666671961546
0.21094118632376196
0.39141177117824555
0.36768628239631657
0.3715294194221497
0.30745098695158957
0.3348627549409866
0.46035295337438586
0.4864313933253288
0.4275686317682267
0.47737257033586505
0.4145490247011185
0.28129412576556206
0.39239216327667237
0.4342745235562325
0.7009411942958832
0.7113725662231446
0.35717647910118105
0.38192157566547397
0.3663529491424561
0.40035294711589814
0.38380392849445344
0.48423531502485273
0.2370588318258524
0.3557647144794464
0.3874902027845383
0.5194902148842812
0.3821176540851593
0.4125882405042648
0.4334509944915772
0.2528235392272472
0.27364706739783284
0.36007843479514123
0.3363529460132122
0.2370588318258524
0.3179607902467251
0.3086666731536389
0.47603922694921497
0.32439216241240504
0.40294118225574493
0.5074509999155998
0.3296078483760357
0.4054117703437805
0.6669804120063781
0.35443138122558593
0.4301960825920105
0.3570196163654328
0.3844705951213837
0.40149020195007323
0.3440392249822617
0.3532156950235367
0.46690197259187705
0.3874902027845383
0.34027451440691947
0.5243921753764154
0.21870589174330235
0.3206666724383831
0.3429804015159607
0.23819608911871912
0.3234117703139782
0.358862748593092
0.346980396360159
0.31682353541255
0.18996078543365003
0.36643138051033025
0.4082352995872498
0.3949803984165192
0.34811765611171724
0.3753725564479828
0.3308627551794052
0.5283529594540597
0.3557254987955094
0.3125882415473461
0.4850980499386788
0.3048627518117428
0.38450981080532076
0.5438431546092034
0.4014509862661362
0.4093333387374878
0.5231372734904289
0.3308627551794052
0.5113725683093071
0.4015294176340104
0.425058827996254
0.3087843202054501
0.36764706671237946
0.4015686333179474
0.4420784446597099
0.3310588335990906
0.31796079024672513
0.4080392211675644
0.5638039377331734
0.32105882927775387
0.331372554153204
0.37447059571743013
0.500000019967556
0.3246274565160275
0.21988235965371133
0.4891372755169868
0.9059215742349626
0.3622353023290634
0.4590196201205254
0.6160000228881837
0.4406666800379754
0.5034510001540184
0.4865490403771401
0.5035686472058296
0.3754117721319199
0.4772941288352013
0.5936470830440521
0.43294118046760566
0.47458824664354327
0.4367058861255646
0.5583921733498574
0.3216862851381302
0.37803922295570375
0.3714902037382126
0.4132941228151322
0.5532549187541008
0.6055294352769852
0.43549019992351534
0.5622745358943939
0.38211765408515935
0.2971372620761395
0.2896078507602215
0.5324313905835152
0.5100784507393837
0.4582745322585106
0.48027453094720846
0.34439216122031213
0.7528627598285675
0.5321960964798927
0.7557647204399109
0.48494118720293045
0.7358039373159408
0.3583529496192932
0.4314902099967003
0.40541177034378056
0.2982745169103146
0.4107843190431595
0.3845490264892579
0.37800000727176664
0.40152941763401034
0.5308235475420953
0.4054117703437805
0.5100000193715095
0.48658825606107714
0.4015294176340103
0.4773333445191384
0.3846274578571319
0.3492156952619553
0.45258823812007903
0.4080392211675644
0.3165490256249905
0.5283529594540597
0.3505098128318787
0.5257647243142128
0.39662745714187625
0.41525491714477536
0.29850981101393703
0.3195686332881451
0.34325490638613704
0.9151372599601746
0.6258431595563889
0.858784322142601
0.4276470729708672
0.8207058930397034
0.5740784469246865
0.68517648935318
0.4158431422710419
0.4928627553582191
0.33603922054171564
0.42768627882003785
0.6329019826650619
0.38968628108501435
0.47070589393377305
0.4105882406234741
0.49298041254282
0.2903529487550259
0.40411765277385714
0.5296862927079201
0.3334902060031891
0.5858431619405746
0.45247060090303426
0.4224313771724701
0.4120392209291458
0.41329412281513217
0.34807844042778013
0.40654902517795566
0.34129412710666657
0.4903921774029732
0.6186274737119675
0.44866667956113815
0.5741960939764977
0.984392157793045
0.8509804010391235
0.6798039308190346
0.8797254973649979
0.9620000022649765
0.2786666749417782
0.655019628405571
0.4407451114058495
0.5584313890337944
0.6485098248720169
0.6929804104566575
0.49305884391069416
0.7542353087663651
0.3950980454683304
0.3518431460857392
0.6551764911413194
0.636705904006958
0.5295686456561088
0.5035686472058296
0.4119607895612717
0.486470609009266
0.46164707094430923
0.4211372596025467
0.5244706067442895
0.2851764784753323
0.31262746214866644
0.43800000369548797
0.4473333463072777
0.28647059604525565
0.19380392737686636
0.3365490244328976
0.3547451066970826
0.6721568822860717
0.7463137406110765
0.8354902058839797
0.5765882506966591
0.5883137500286102
0.34623530328273777
0.5243529596924782
0.6421176585555077
0.631294139623642
0.4536862871050835
0.9346274548768998
0.6419608056545258
0.5400392332673073
0.6800392347574234
0.5060000196099281
0.652313746213913
0.6132549250125885
0.336117656826973
0.44066667020320893
0.6524706089496612
0.4996470788121224
0.8891764771938324
0.8265490299463272
0.8107451093196869
0.6041176706552506
0.42109804391860967
0.5583137419819832
0.44737255215644833
0.6720784509181976
0.3046274577081204
0.4563137379288673
0.3297255003452301
0.3494902001321316
0.8472941267490388
0.873294125199318
0.648549040555954
0.9802745109796525
0.5206666854023934
0.7138431543111803
0.8381568723917008
0.9164705932140351
0.6759215879440308
0.5699215844273567
0.4406274643540382
0.5360000178217889
0.5608627614378929
0.9543137282133103
0.5466274681687355
0.6851372736692429
0.6865490382909776
0.48266668766736986
0.5205490383505821
0.6002745237946511
0.5963529554009438
0.4642353060841561
0.41603922069072724
0.4171764755249024
0.473372560441494
0.7100784486532211
0.24074510857462883
0.5766666820645333
0.24850981399416927
0.5348627629876137
0.2968235366046429
0.5646274670958519
0.6693333530426027
0.6775294309854508
0.7936078554391861
0.9621568650007248
0.8421960878372192
0.37290196344256404
0.5176470777392388
0.88411765396595
0.7426666820049286
0.42627452403306965
0.8928235357999803
0.5100392350554467
0.46803922742605214
0.7660784453153611
0.4237254947423935
0.49545099049806596
0.4052549076080323
0.46294118851423266
0.5702353098988533
0.44337256222963334
0.6328627669811249
0.6055294352769852
0.5191372737288475
0.4641960805654526
0.3478823620080948
0.47992157965898513
0.5976078671216966
0.3740392231941223
0.2434117750823498
0.5023137453198433
0.3440392249822617
0.9948235297203065
0.9738823544979096
0.46850982576608663
0.8968627512454987
0.9608235317468643
0.6683529609441758
0.7333725649118423
0.9870196086168289
0.9491372579336166
0.9074117702245713
0.5203137442469596
0.5438823702931405
0.7164706051349641
0.8027843254804612
0.38054902672767643
0.513960803449154
0.46949020773172384
0.5427058997750283
0.44337255239486695
0.2930588309466839
0.7140392327308656
0.5152941367030144
0.379254909157753
0.642078452706337
0.6669804120063783
0.6955686455965042
0.43270589619874955
0.3034509871900082
0.49447060853242875
0.37533334076404573
0.38188235998153686
0.38062745809555054
0.9073333388566971
0.7432549172639846
0.8673725569248201
0.9818039226531983
0.9922352945804598
0.9532156890630723
0.9778039228916169
0.9621960806846619
0.8930980455875397
0.5701568785309792
0.9883137261867525
0.6853333520889282
0.7622353082895279
0.6589804124832154
0.8265882456302643
0.6787058916687966
0.721843153834343
0.9112941229343414
0.9817647069692612
0.7947451102733611
0.7360784471035005
0.5546274676918984
0.4877255108952523
0.6577647262811661
0.5949411907792092
0.47600001126527786
0.7989804041385651
0.5296470770239831
0.48141178578138355
0.5492157033085823
0.6225098264217377
0.3624313807487488
0.6256862869858743
0.7624313867092133
0.9870196086168289
0.9701568645238876
0.9909019613265992
0.9909019613265991
0.9400392192602158
0.9817254912853242
0.9882745105028152
0.6186666795611382
0.9567843163013459
0.8498039305210114
0.9855294126272203
0.9441176503896713
0.8535294204950334
0.7491372698545457
0.9398039251565935
0.9907450985908509
0.7021176648139954
0.49819609850645064
0.6184313854575157
0.5610980555415155
0.9529411792755128
0.6971372729539872
0.5713725647330284
0.489176491200924
0.7075294291973115
0.4707843253016472
0.5034510001540184
0.5180392345786095
0.4134117698669434
0.5400784489512443
0.955764708518982
0.797921580672264
0.753647073507309
0.876549026966095
0.7754902094602585
0.7674117785692216
0.9947450983524323
0.9844705891609191
0.9503137284517289
0.9948235297203065
0.9258039259910583
1.0
0.9856470596790314
0.9883137261867523
0.7794902092218399
0.9294509845972062
0.8434117740392686
0.7113333505392074
0.7386666822433472
0.7399215841293335
0.600039239525795
0.6434902074933052
0.6761176663637162
0.8736470663547515
0.8250588339567185
0.6852549207210541
0.6068627586960793
0.43415686666965486
0.44329412102699284
0.47615688413381585
0.5229804107546807
0.360901969075203
0.63525491386652
0.8324313825368881
0.7593333476781846
0.766549033522606
0.8921568691730499
0.9792941188812256
0.9987058824300767
0.9973725491762162
0.9857254910469057
0.810823540687561
0.9752941191196443
0.9453725522756578
0.9882745105028152
0.993490196466446
0.9283137297630311
0.9674509823322297
0.9792549031972885
0.8984313786029816
0.9335294157266616
0.4289803963899612
0.6878039401769638
0.5467058995366096
0.7440000152587891
0.8252156966924669
0.6028235432505608
0.5437647232413292
0.8616078513860703
0.5766274762153626
0.5192157050967217
0.4015294176340104
0.6369019824266433
0.7663529551029206
0.7877255028486252
0.7355294275283815
0.6426666781306267
0.8005098158121109
0.6330196198821068
0.7324313884973527
0.92176471054554
0.9333725529909134
0.9504705911874771
0.5937255045771599
0.9894901967048646
0.9909019613265992
0.9973725491762162
0.9283921611309052
0.986980392932892
0.8915294182300568
0.962235296368599
0.95686274766922
0.8613725572824479
0.8914902025461198
0.7740392291545868
0.9555686300992966
0.5673725649714471
0.685215705037117
0.975176472067833
0.6040784451365471
0.49690198093652727
0.38309804618358617
0.49964707881212234
0.3975294178724289
0.9882352948188782
0.489176491200924
0.5790196231007576
0.9624313747882844
0.7209019774198533
0.7267451044917106
0.6359607961773872
0.8409804016351701
0.5924706026911736
0.9803921580314636
0.9712156879901886
0.7686666804552078
0.9895686280727387
0.9073725545406341
0.8056078547239305
0.9909019613265991
0.993529412150383
0.4995686474442482
0.7438823682069778
0.9268627494573594
0.899686280488968
0.5779215839505196
0.5309804102778435
0.7062745273113251
0.2773725573718548
0.6863529598712921
0.5151372739672662
0.48254904061555864
0.7112941348552704
0.547960801422596
0.3805882424116135
0.5490980562567711
0.5637255063652993
0.5910196223855019
0.45050982683897023
0.5182353129982948
0.8178823637962342
0.5430588409304619
0.4943137457966805
0.5860784462094307
0.5349804100394249
0.6107058957219124
0.6708235490322114
0.9750588250160217
0.532274527847767
0.9699215704202653
0.9207451027631761
0.42227452427148815
0.9831372559070588
0.5218039402365685
0.9829803931713106
0.954666669368744
0.44964706182479863
0.4105882406234742
0.6407058939337731
0.4526274636387826
0.3270196132361889
0.44854903250932693
0.7442353093624114
0.5530588403344154
0.570000015795231
0.5240784499049187
0.6303921788930893
0.7661960923671723
0.5157255092263222
0.4824313834309578
