0.007843137718737125
0.007843137718737125
0.0117647061124444
0.007843137718737125
0.007843137718737125
0.0117647061124444
0.0117647061124444
0.03529411926865578
0.05098039284348489
0.04313725605607033
0.0235294122248888
0.02745098061859608
0.0235294122248888
0.0117647061124444
0.062745101749897
0.0
0.0
0.0
0.0
0.0
0.0
0.0
0.0
0.0
0.003921568859368563
0.0
0.003921568859368563
0.003921568859368563
0.019607843831181526
0.019607843831181526
0.0
0.003921568859368563
0.43741177856922153
0.739098054766655
0.7783529543876648
0.726156879067421
0.5690588492155075
0.3950196141004562
0.44886274814605714
0.7900392282009125
0.6608627653121949
0.3951372611522675
0.4487451010942459
0.8135294228792191
0.7641960924863815
0.7901568752527237
0.6791764897108078
0.4528627580404282
0.6380784529447556
0.4380392295122147
0.516705901324749
0.5533725658059121
0.5925882497429849
0.7125490367412567
0.44568628787994385
0.3564705918729305
0.38807844817638404
0.3665882432460785
0.41258824050426485
0.432274523973465
0.3784705954790115
0.5000392258167267
0.43956863105297095
0.39407843768596656
0.4265882396697998
0.788666679263115
0.8345098137855529
0.7613333475589753
0.8605490279197694
0.7987451100349428
0.2945098112523556
0.6687451177835465
0.738078446984291
0.6003529649972916
0.3218823635578156
0.5820392405986786
0.6936078613996506
0.6282745319604874
0.5900784558057786
0.6333725708723068
0.5465882524847985
0.5270196262001992
0.4541960912942887
0.4760784429311753
0.5361568805575371
0.6324706003069878
0.5492157033085823
0.4172941327095032
0.4234902107715607
0.39933333933353427
0.4530196207761765
0.36274510622024536
0.300117654055357
0.30388235971331595
0.2932549093663693
0.35749020457267766
0.788705894947052
0.5428235468268395
0.786000012755394
0.7678431510925293
0.8750196152925491
0.45792157113552096
0.32831373572349554
0.5954902201890946
0.9895686280727386
0.776823542714119
0.8775686347484588
0.6423137468099595
0.7116078603267669
0.8292941278219224
0.7493725639581681
0.6191372776031494
0.5800000250339509
0.48780393242835995
0.4970196181535721
0.5020392256975175
0.9831372559070588
0.596823553442955
0.5518039384484291
0.4905882459878922
0.4939607948064805
0.32752942204475405
0.4450588369369507
0.344862749427557
0.3874902027845383
0.3247058928012848
0.349607852101326
0.29600000724196435
0.568745123744011
0.6409804135560989
0.7466666817665101
0.7665098178386689
0.5152549210190773
0.720745114684105
0.48654903054237364
0.48156863868236544
0.5616470849514008
0.5912157106399536
0.28113726794719696
0.6383921784162522
0.6817255091667176
0.7064313900470734
0.8918823593854904
0.3355294166505337
0.9662745118141174
0.37823530137538913
0.35458824396133426
0.5224313813447953
0.603254925608635
0.448431385755539
0.5008235394954682
0.5421960958838463
0.33976471051573753
0.6421960997581482
0.4934117752313614
0.3745098114013672
0.3770196151733399
0.5585882616043091
0.2359607902169228
0.19529411844909195
0.7754509937763214
0.5715686529874802
0.5912941420078278
0.9649019628763199
0.6958039397001267
0.8004706001281738
0.6174117875099183
0.6985490375757218
0.6093333566188812
0.31647059917449955
0.8162745207548141
0.8172549128532409
0.6160392385721207
0.629333345592022
0.7914509928226472
0.9272549062967301
0.7038823705911637
0.6430196291208268
0.7391372704505921
0.48137256026268005
0.5807059073448182
0.5995686513185502
0.5914902204275132
0.3622353124618531
0.3272941279411316
0.49960786312818534
0.3978039276599884
0.39145098686218266
0.38631373226642607
0.35603922426700596
0.2737647144496441
0.19811765521764757
0.561960800588131
0.6446666878461838
0.6578823733329773
0.5584313988685609
0.8135294228792191
0.7979215806722642
0.7584313869476319
0.8223921674489976
0.9581960809230805
0.5634902220964433
0.8098039329051971
0.5888627696037292
0.8697647136449814
0.6045098274946213
0.5913725733757019
0.6566274714469911
0.6438431584835053
0.5165098229050636
0.5898431617021561
0.5990196317434311
0.5429412037134171
0.6553333538770676
0.4564705908298492
0.6552549225091935
0.4878039422631264
0.698666684627533
0.5689019864797592
0.5115294310450554
0.44764707207679755
0.373294125199318
0.39541177093982693
0.5824706131219864
0.30101961478590966
0.42768627882003785
0.5426666939258575
0.5634510064125061
0.6651372748613358
0.46682353138923643
0.9143921619653703
0.6436862957477569
0.8253725594282151
0.41580392658710486
0.3296078532934189
0.4409411799907685
0.6814509993791581
0.8763529485464097
0.9286666709184648
0.5979215925931931
0.8069804036617279
0.4749019822478294
0.43415686666965486
0.5890588480234146
0.6960392338037491
0.5690588492155075
0.550470615029335
0.6956862926483155
0.5467451152205467
0.6602745300531387
0.43337256312370304
0.329686284661293
0.3703921645879746
0.2554509900510311
0.3429804015159607
0.5889019852876664
0.31941177546977995
0.6631764906644821
0.4721568644046784
0.6069804155826568
0.6330980610847474
0.498392176926136
0.6960392338037491
0.5874117892980576
0.840941185951233
0.8265882456302643
0.9920784318447113
0.6789019799232483
0.625372571349144
0.457921571135521
0.6358431589603425
0.745607858300209
0.5718431627750398
0.6461960995197297
0.4645098260045052
0.3940784376859665
0.5858823776245118
0.6513333541154862
0.642078452706337
0.5050196275115013
0.5310980573296548
0.41615686774253846
0.5794902211427689
0.5926274752616882
0.31156863376498223
0.31941177546977995
0.14572549395263196
0.607058846950531
0.4355294156074524
0.43168627858161923
0.5243529596924782
0.31643138349056243
0.5190588423609734
0.6903921753168106
0.33494118630886077
0.70674511551857
0.5114117839932442
0.4202745145559311
0.902392162680626
0.6918431556224823
0.7009019786119461
0.38200000703334813
0.607058846950531
0.671137274503708
0.761215700507164
0.47349020779132844
0.18690196700394157
0.6894509989023209
0.8641960865259171
0.7507843285799027
0.5650980553030968
0.6826666855812074
0.4734509819746017
0.43301961183547977
0.39784314334392545
0.5088235488533974
0.42133333802223205
0.32752942204475405
0.20780392669141293
0.5311372730135917
0.29945098742842674
0.5781176722049713
0.18952941536903384
0.4642352962493897
0.598980416059494
0.6225490421056747
0.6449019819498062
0.5952549260854721
0.4329019647836686
0.427764710187912
0.7962353062629701
0.4174902009963989
0.48643139332532886
0.2943529534339905
0.44992157161235813
0.3767451053857804
0.6618823730945587
0.7743921703100205
0.4841568836569786
0.42905882775783544
0.8397254997491836
0.5678431630134583
0.5742353194952011
0.3740392231941223
0.3439607936143875
0.6919215869903566
0.4041960841417313
0.04443137362599373
0.4944313830137253
0.305529418438673
0.33686275482177735
0.5977647298574449
0.1152941207587719
0.9232156908512116
0.5998039454221725
0.32694118678569795
0.7177647227048874
0.5912549263238907
0.6133333563804626
0.5154902151226997
0.4067843192815781
0.4096470642089844
0.45925491452217104
0.40549020171165473
0.15325490526854993
0.4108627504110336
0.3180784422159195
0.5547843304276466
0.8124313837289812
0.4463921701908112
0.6882353127002716
0.48666668742895125
0.6591372752189637
0.6291764926910401
0.5050196275115013
0.3204313832521439
0.474823541045189
0.4552549046278
0.8800392228364946
0.47611765861511235
0.3636862826347351
0.3613725572824478
0.15666667237877846
0.5966274750232696
0.6381568843126297
0.3152549129724503
0.48901962846517566
0.7244313889741898
0.45376470863819124
0.27745098873972895
0.49572551041841506
0.3074902075529099
0.6592157065868378
0.23686275586485864
0.4670196199417115
0.592509828209877
0.48662746191024786
0.24235295161604883
0.304862756729126
0.4276470631361008
0.5100000193715095
0.6865882539749146
0.48156863868236544
0.36239216506481176
0.6729804116487503
0.4579607969522477
0.746627466082573
0.3779607915878296
0.5585882616043091
0.5309804201126099
0.49960785329341895
0.5126666858792306
0.5729019862413407
0.3809803992509842
0.27792157694697384
0.5860784560441971
0.4891372755169868
0.24737255915999412
0.6185490423440934
0.41717647552490233
0.5374509981274604
0.42760784745216374
0.20290196359157564
0.32196079492568974
0.6880784499645234
0.250117652118206
0.49564707905054095
0.19494117975234987
0.770313739180565
0.3911764770746231
0.2512941275537014
0.46847060024738313
0.35458824396133426
0.651176491379738
0.9636470609903336
0.8500784403085708
0.6096862977743149
0.7127843308448791
0.4880392265319824
0.5050196275115013
0.4552549046278
0.6055686509609223
0.7401176625490189
0.4539607870578766
0.5140392348170281
0.37031373322010047
0.3677254980802536
0.5665490454435349
0.44482353270053865
0.44478431701660154
0.7000784492492677
0.4996078631281853
0.5008235493302345
0.36486275315284733
0.4017254960536957
0.5675294375419617
0.2145098060369492
0.3792941248416901
0.7440392309427262
0.31933334410190584
0.41819608330726626
0.6618823730945588
0.6879215872287752
0.48141178578138355
0.45788235545158384
0.43019608259201053
0.22505882501602173
0.6671372747421265
0.3376470685005188
0.4553725618124008
0.5822745248675347
0.6357647275924683
0.5533333599567414
0.34541177392005923
0.35050981283187865
0.4029019665718079
0.5572549185156822
0.4969411966204643
0.2628235386312008
0.5363921746611595
0.3374117743968964
0.526941194832325
0.5660000258684159
0.5071764901280403
0.31145099163055423
0.3204313832521439
0.6133333563804627
0.40035294711589814
0.4602745121717453
0.537490223646164
0.5179215973615646
0.38466667354106904
0.5457255074381828
0.3805882424116135
0.5979215827584267
0.6158431601524353
0.23568628288805488
0.29423530638217926
0.4110980445146561
0.3860000067949295
0.3376470685005188
0.25133334323763845
0.3376862841844559
0.5676078590750695
0.2563137350976467
0.4983137455582619
0.3963921630382538
0.47992156982421874
0.49039217740297325
0.4304313766956329
0.30349020779132846
0.5665098297595978
0.37788236021995547
0.45894117891788483
0.5873333579301834
0.4240392202138901
0.38094118356704715
0.39384314358234407
0.6343529629707336
0.286627458781004
0.4356078469753265
0.6787843328714371
0.38968628108501435
0.37682353675365454
0.26301961705088617
0.7756078565120696
0.6198039442300797
0.476470599770546
0.526941194832325
0.38396079123020177
0.5000392258167268
0.6058039450645447
0.46835296303033835
0.4996078631281853
0.7639607983827591
0.3007843255996704
0.49309805959463127
0.4774509918689728
0.24070589289069177
0.4563921594619751
0.5192157050967217
0.3950196141004563
0.2970588356256485
0.4852157071232796
0.4629803943634033
0.48113725602626806
0.8917254966497421
0.5519608011841775
0.5875686520338059
0.5640000259876252
0.6224706107378006
0.3909803986549377
0.27835294947028166
0.7010980570316315
0.4529804050922394
0.3555686360597611
0.5442353212833404
0.2851764784753323
0.5924706026911736
0.13858823947608473
0.38207843840122224
0.44250982731580735
0.3913725554943085
0.27368628308176995
0.4305490237474442
0.5584313988685607
0.30223530590534214
0.7467451131343842
0.338823539018631
0.43682353317737577
0.3611372631788254
0.3858823597431183
0.5254117831587791
0.3793725562095643
0.40682353496551515
0.41615686774253846
0.3752156937122345
0.16117647342383862
0.36352941989898685
0.4017647117376328
0.47380393326282505
0.4840000209212304
0.598941200375557
0.4970588338375092
0.61082355260849
0.6028627687692643
0.09141176793724298
0.28921569883823395
0.3849019676446915
0.3128627562522889
0.37549020349979406
0.797803933620453
0.34533334255218506
0.3247058928012848
0.5024313825368881
0.32705883383750917
0.42658823966979986
0.499647068977356
0.49301962822675705
0.43047059237957
0.4890588343143463
0.24062745660543444
0.253803931325674
0.43282354325056077
0.580313740670681
0.24074510365724566
0.4499607872962952
0.4658039337396622
0.24470588773489
0.5008627650141717
0.3660392236709595
0.5925490438938141
0.39529412388801577
0.4880000206828118
0.22509804576635362
0.5859215933084487
0.3520392245054245
0.5662353199720382
0.49972551017999656
0.2916078555583954
0.701372566819191
0.48552942276000977
0.40568628013134006
0.486509824693203
0.713254919052124
0.36639216482639314
0.43819608211517336
0.5205490383505822
0.5518823796510697
0.3989803981781006
0.6382353156805038
0.3558431458473206
0.7676470726728439
0.4381568664312363
0.3884705948829651
0.4406666800379754
0.4718431487679482
0.3687843215465546
0.5507451248168946
0.4683529531955719
0.21709804117679599
0.3611764788627625
0.35313726365566256
0.3583529496192932
0.3270980495214463
0.5230980676412582
0.25254902943968777
0.45768627703189857
0.4560784438252449
0.30980393290519714
0.4251764750480652
0.4173725539445877
0.3547451066970826
0.5047059020400048
0.21956863418221476
0.4052156919240952
0.24200001046061514
0.4213725537061691
0.6881176656484604
0.45117647349834444
0.42772549450397496
0.3218823635578156
0.2657254992425442
0.7701960921287537
0.32705883383750917
0.48129412889480594
0.6000784552097321
0.5336470866203308
0.43796079784631725
0.22129412565380335
0.5754902213811874
0.4579215711355209
0.4682745116949082
0.15984314262866978
0.3936862808465958
0.47207844287157064
0.09949019759893418
0.26831373438239103
0.4112941229343414
0.38043137967586516
0.532313743531704
0.40909804463386534
0.5609412026405335
0.4748235508799553
0.6029019844532013
0.7903921693563462
0.819960795044899
0.5729412019252778
0.20431372821331023
0.2472941228747368
0.6370588451623918
0.48917648136615755
0.38725490868091583
0.3257255005836487
0.3349019706249237
0.43282353341579444
0.577921593785286
0.6134117877483368
0.6826666855812074
0.47858824640512465
0.36870589017868044
0.25121569618582723
0.5690980648994446
0.35984314560890196
0.26701961681246755
0.467294129729271
0.40031373143196103
0.3651372629404068
0.24074510857462886
0.4734902077913285
0.41317647576332095
0.4881176578998566
0.2867058901488781
0.31780393242836
0.2642353081703186
0.602745121717453
0.30337256073951724
0.23156863853335383
0.5534117814898492
0.8839215755462647
0.7895686399936677
0.06301960907876492
0.5297255182266236
0.43964706242084506
0.4132549071311951
0.46423529624938964
0.387294124364853
0.3206666773557663
0.22882353067398073
0.5925882595777512
0.6131764936447144
0.4838823640346528
0.35952941522002224
0.2734509889781475
0.5885882598161698
0.35062745988368993
0.4262745141983032
0.25396079406142236
0.24090197131037716
0.3974509865045548
0.15968627743422986
0.3203921626508236
0.4040784370899201
0.5103529605269432
0.4291764748096466
0.5675294375419617
0.011843137643299997
0.5180000188946724
0.3963529473543168
0.35196079313755035
0.7284706044197082
0.223568629026413
0.4354117685556411
0.6083529645204544
0.4577254927158356
0.43560784697532656
0.3609804004430771
0.13596079111099243
0.3505098128318787
0.4185490244626999
0.7101568800210953
0.44592157185077674
0.25384314700961114
0.13203922271728516
0.014509804151020945
0.014470588620752095
0.5638039475679398
0.2670980481803417
0.1572156893461943
0.39643137872219086
0.35705883204936983
0.2694902049005031
0.14262745492160323
0.3284705984592438
0.5168235483765602
0.4015294176340104
0.19898039519786836
0.5766274762153626
0.37160785079002384
0.5597255164384842
0.3741176545619964
0.25917648002505306
0.3086666731536388
0.6530588442087173
0.25776471540331847
0.023647059909999373
0.4512941205501557
0.32701961815357206
0.5309412044286728
0.3622745180130005
0.33878432333469394
0.2799215817451477
0.4394509840011597
0.5296078613400459
0.4014509862661362
0.256470597833395
0.22505882501602176
0.24474510341882705
0.5545098304748536
0.29713726699352266
0.04713725581765175
0.4236078476905823
0.1674117696285248
0.27988236606121064
0.3088627515733242
0.10474509924650192
0.21717647254467012
0.14031372956931593
0.27352942526340485
0.2761176554858685
0.5308627632260323
0.12301961295306682
0.6227451205253601
0.372784321308136
0.35984314560890196
0.256470597833395
0.3245098143815994
0.29556863963603974
0.523176489174366
0.3831764775514603
0.34792157769203186
0.3584313809871674
0.6355686491727829
0.31388236403465275
0.43792157232761386
0.2875686401128769
0.32713726520538333
0.23800000071525573
0.07870588388293982
0.1638039242476225
0.549372575879097
0.3193725597858429
0.08396078553050756
0.20007843434810638
0.19611765027046205
0.07482353117316962
0.1088235341385007
0.15035294711589814
0.3011372618377209
0.4360000139474869
0.15447059392929077
0.29960785016417507
0.30349020779132846
0.43047059237957
0.3858039283752442
0.25635295078158377
0.05117647191509605
0.23176471203565602
0.2956078553199768
0.24592157393693925
0.1806274551153183
0.3596078515052796
0.3936470651626587
0.534823557138443
0.36882353723049166
0.2498823580145836
0.10725490301847458
0.3701960861682892
0.21196078658103945
0.5454510074853897
0.4290196120738984
0.3230588340759277
0.5192157050967217
0.31156863868236545
0.33807843610644345
0.1789019657857716
0.23145098149776458
0.26435295030474665
0.24705882862210277
0.22909805044531822
0.20937255144119266
0.21105883091688157
0.3874902027845383
0.10737255260348319
0.21164706110954284
0.08517647173255682
0.11407843455672265
0.5598039478063583
0.35843138098716737
0.3833333402872086
0.3061568742990494
0.359843145608902
0.3779607915878296
0.3912549084424972
0.24435294643044475
0.2433725544810295
0.3883529478311539
0.3229019713401795
0.426117651462555
0.608156886100769
0.24745098561048512
0.5832941424846649
0.5349019885063172
0.3309019708633423
0.4277254945039749
0.32062746167182926
0.22215686440467836
0.21352941900491715
0.38709804594516756
0.06670588459819556
0.20803921818733218
0.3234509909152985
0.31023530542850497
0.3547058910131455
0.3074509918689728
0.05654902153648436
0.3232549124956131
0.23556863337755204
0.10619608208537101
0.4355294156074524
0.3949411827325821
0.3322745198011398
0.27729413092136385
0.25513726457953456
0.5270588418841362
0.40278431951999666
0.26952942550182346
0.40945098578929906
0.4420784348249436
0.27980393469333653
0.2864313852787018
0.3009411883354187
0.31905883431434634
0.6247451204061508
0.1596078485250473
0.44592157185077674
0.3270980495214463
0.31658824622631077
0.28125491499900823
0.4549803948402405
0.16643137507140637
0.2081176495552063
0.01854902022983879
0.21600000202655795
0.24454902499914172
0.39403922200202945
0.3374117743968964
0.2605490289628506
0.2969019728899002
0.22145098716020584
0.2827451060712338
0.357137263417244
0.014431372936815024
0.39239216327667237
0.20156863033771516
0.35196079313755035
0.44349019944667817
0.3937254965305329
0.10207843273878098
0.26301961705088617
0.333450990319252
0.5753725743293763
0.2824313855171204
0.29047060072422026
0.47874510943889625
0.35196079313755035
0.4683529531955719
0.3074509918689728
0.4003529471158982
0.3009411883354187
0.17933333754539493
0.05788235479034483
0.06415686514228583
0.007882353095337748
0.18235294274985792
0.017254902506247165
0.07768627740442753
0.42368627905845646
0.26317647978663444
0.48541178554296494
0.2406666722893715
0.3376862841844559
0.3074902075529099
0.26039216622710226
0.3296078532934189
0.06309804044663907
0.2605098083615303
0.43686274886131293
0.2498823629319668
0.27215687140822414
0.3166274619102478
0.29039216935634615
0.39250981032848364
0.20160784602165224
0.4892156970500946
0.14639216303825378
0.35819608688354493
0.48525491297245027
0.46568627655506134
0.4107843190431595
0.3558431458473206
0.2540392205119133
0.1734509875625372
0.04725490413606167
0.017176471445709468
0.011882353327237069
0.272000013589859
0.12180392675101756
0.15196078769862653
0.37392157614231114
0.24364706918597223
0.63721570789814
0.7533333480358124
0.48000001132488257
0.20537255167961121
0.3283137357234955
0.304862756729126
0.3349804019927979
0.45262745380401614
0.27094118520617483
0.1191764759272337
0.3649019688367844
0.16513725750148298
0.37141177237033846
0.18078431785106658
0.1178823558986187
0.25905883297324184
0.14403921954333784
0.2078823554515839
0.4120392209291458
0.4291372591257096
0.26074510246515276
0.31070589363574985
0.18501961432397368
