0.0117647061124444
0.007843137718737125
0.01568627543747425
0.03921568766236305
0.007843137718737125
0.003921568859368563
0.007843137718737125
0.05098039284348489
0.0235294122248888
0.05882352963089943
0.0313725508749485
0.0313725508749485
0.0313725508749485
0.003921568859368563
0.06666667014360428
0.0
0.0
0.0
0.0
0.0
0.0
0.0
0.0
0.0
0.0
0.0
0.0
0.0
0.007843137718737125
0.03529411926865578
0.01568627543747425
0.0
0.196078434586525
0.21960784494876864
0.1882352977991104
0.22352941334247592
0.30980393290519714
0.34117648005485535
0.32549020648002625
0.3294117748737335
0.33725491166114807
0.36862745881080633
0.36862745881080633
0.38823530077934265
0.3764705955982208
0.42352941632270813
0.29019609093666077
0.3019607961177826
0.26274511218070984
0.196078434586525
0.25882354378700256
0.23137255012989044
0.2078431397676468
0.2666666805744171
0.22745098173618317
0.22352941334247592
0.16470588743686676
0.16470588743686676
0.14901961386203766
0.18431372940540316
0.16078431904315948
0.16078431904315948
0.1411764770746231
0.2078431397676468
0.12941177189350128
0.18431372940540316
0.18039216101169586
0.21176470816135406
0.3764705955982208
0.3803921639919281
0.33333334326744085
0.3764705955982208
0.3294117748737335
0.36862745881080633
0.39215686917305
0.4156862795352936
0.4039215743541718
0.4117647111415863
0.3176470696926117
0.16862745583057404
0.1882352977991104
0.2078431397676468
0.21568627655506134
0.24313725531101227
0.23137255012989044
0.18039216101169586
0.27450981736183167
0.21568627655506134
0.1725490242242813
0.14901961386203766
0.18039216101169586
0.13725490868091583
0.14901961386203766
0.16078431904315948
0.1568627506494522
0.14509804546833038
0.13333334028720856
0.1921568661928177
0.16470588743686676
0.21176470816135406
0.27843138575553894
0.42352941632270813
0.3960784375667572
0.4196078479290009
0.4000000059604645
0.364705890417099
0.4039215743541718
0.3843137323856354
0.4274509847164154
0.4039215743541718
0.3294117748737335
0.33333334326744085
0.27058824896812445
0.21960784494876864
0.3019607961177826
0.239215686917305
0.22352941334247592
0.20000000298023224
0.25882354378700256
0.24313725531101227
0.23137255012989044
0.14509804546833038
0.18431372940540316
0.1725490242242813
0.16862745583057404
0.1725490242242813
0.1764705926179886
0.14901961386203766
0.13333334028720856
0.2078431397676468
0.1568627506494522
0.1764705926179886
0.3450980484485626
0.39215686917305
0.34117648005485535
0.44705882668495184
0.4627451002597809
0.3843137323856354
0.4117647111415863
0.4196078479290009
0.4117647111415863
0.4196078479290009
0.4392156898975373
0.38823530077934265
0.33725491166114807
0.1764705926179886
0.23529411852359772
0.30980393290519714
0.3019607961177826
0.2862745225429535
0.2666666805744171
0.2666666805744171
0.196078434586525
0.16862745583057404
0.196078434586525
0.1725490242242813
0.16862745583057404
0.18431372940540316
0.1882352977991104
0.1882352977991104
0.21568627655506134
0.16470588743686676
0.196078434586525
0.12941177189350128
0.27058824896812445
0.39215686917305
0.40784314274787914
0.3960784375667572
0.47450980544090277
0.4392156898975373
0.5254902243614197
0.44705882668495184
0.4274509847164154
0.4274509847164154
0.4431372582912445
0.40784314274787914
0.37254902720451355
0.32156863808631897
0.33725491166114807
0.20000000298023224
0.32156863808631897
0.3490196168422699
0.2862745225429535
0.239215686917305
0.23137255012989044
0.16862745583057404
0.18039216101169586
0.1764705926179886
0.2078431397676468
0.2078431397676468
0.18039216101169586
0.1882352977991104
0.18039216101169586
0.22352941334247592
0.1411764770746231
0.196078434586525
0.3764705955982208
0.3607843220233917
0.3803921639919281
0.4117647111415863
0.48235294222831726
0.3843137323856354
0.4627451002597809
0.45098039507865906
0.4431372582912445
0.47450980544090277
0.47058823704719543
0.47450980544090277
0.37254902720451355
0.30588236451148987
0.23529411852359772
0.16470588743686676
0.24313725531101227
0.33333334326744085
0.3137255012989044
0.21960784494876864
0.250980406999588
0.20392157137393957
0.1921568661928177
0.16862745583057404
0.24705882370471954
0.22352941334247592
0.1764705926179886
0.21176470816135406
0.1921568661928177
0.2078431397676468
0.18039216101169586
0.14901961386203766
0.2078431397676468
0.364705890417099
0.3490196168422699
0.46666666865348816
0.529411792755127
0.5803921818733215
0.3529411852359772
0.42352941632270813
0.5215686559677124
0.47843137383461
0.5882353186607361
0.4274509847164154
0.3843137323856354
0.2980392277240753
0.2980392277240753
0.24313725531101227
0.24705882370471954
0.33333334326744085
0.27843138575553894
0.32549020648002625
0.1725490242242813
0.21568627655506134
0.22352941334247592
0.2862745225429535
0.24705882370471954
0.250980406999588
0.20000000298023224
0.16862745583057404
0.22352941334247592
0.1411764770746231
0.16862745583057404
0.1921568661928177
0.364705890417099
0.4392156898975373
0.5058823823928833
0.4941176474094391
0.40784314274787914
0.3843137323856354
0.4627451002597809
0.47450980544090277
0.4941176474094391
0.48627451062202454
0.49019607901573187
0.4156862795352936
0.3137255012989044
0.45490196347236633
0.3450980484485626
0.2980392277240753
0.23529411852359772
0.24313725531101227
0.30980393290519714
0.2666666805744171
0.22745098173618317
0.2549019753932953
0.29019609093666077
0.239215686917305
0.2666666805744171
0.250980406999588
0.18431372940540316
0.16470588743686676
0.21176470816135406
0.1568627506494522
0.1882352977991104
0.4156862795352936
0.3960784375667572
0.3803921639919281
0.37254902720451355
0.45098039507865906
0.40784314274787914
0.5490196347236633
0.5333333611488342
0.45098039507865906
0.3450980484485626
0.4588235318660736
0.4039215743541718
0.364705890417099
0.3137255012989044
0.4392156898975373
0.3764705955982208
0.33725491166114807
0.27058824896812445
0.2666666805744171
0.15294118225574493
0.21960784494876864
0.1882352977991104
0.24705882370471954
0.3019607961177826
0.2078431397676468
0.21568627655506134
0.2078431397676468
0.21960784494876864
0.1882352977991104
0.250980406999588
0.25882354378700256
0.4039215743541718
0.3490196168422699
0.2549019753932953
0.4588235318660736
0.42352941632270813
0.47450980544090277
0.5372549295425415
0.529411792755127
0.501960813999176
0.45098039507865906
0.49019607901573187
0.4627451002597809
0.5098039507865906
0.4313725531101227
0.44705882668495184
0.3803921639919281
0.35686275362968445
0.29411765933036804
0.3450980484485626
0.32156863808631897
0.24313725531101227
0.29411765933036804
0.196078434586525
0.250980406999588
0.21960784494876864
0.23529411852359772
0.1882352977991104
0.21960784494876864
0.16470588743686676
0.18431372940540316
0.26274511218070984
0.29019609093666077
0.27450981736183167
0.2078431397676468
0.32156863808631897
0.4196078479290009
0.4392156898975373
0.4588235318660736
0.5490196347236633
0.48627451062202454
0.4392156898975373
0.4117647111415863
0.47843137383461
0.47058823704719543
0.5058823823928833
0.3803921639919281
0.45490196347236633
0.47843137383461
0.2862745225429535
0.3764705955982208
0.3490196168422699
0.3490196168422699
0.3137255012989044
0.20392157137393957
0.1921568661928177
0.16078431904315948
0.23137255012989044
0.1764705926179886
0.2549019753932953
0.2078431397676468
0.239215686917305
0.21176470816135406
0.20000000298023224
0.33333334326744085
0.33725491166114807
0.26274511218070984
0.26274511218070984
0.45098039507865906
0.501960813999176
0.4117647111415863
0.572549045085907
0.529411792755127
0.48627451062202454
0.49019607901573187
0.4627451002597809
0.5176470875740051
0.47058823704719543
0.46666666865348816
0.3607843220233917
0.4274509847164154
0.27058824896812445
0.27843138575553894
0.30588236451148987
0.32549020648002625
0.22745098173618317
0.3137255012989044
0.22352941334247592
0.196078434586525
0.239215686917305
0.20392157137393957
0.22352941334247592
0.20000000298023224
0.21960784494876864
0.16078431904315948
0.20392157137393957
0.2980392277240753
0.20392157137393957
0.32156863808631897
0.27058824896812445
0.364705890417099
0.4156862795352936
0.4313725531101227
0.529411792755127
0.4588235318660736
0.5176470875740051
0.4392156898975373
0.5529412031173706
0.5137255191802979
0.4941176474094391
0.5529412031173706
0.47843137383461
0.49803921580314636
0.5372549295425415
0.25882354378700256
0.40784314274787914
0.37254902720451355
0.239215686917305
0.22745098173618317
0.2078431397676468
0.1921568661928177
0.24313725531101227
0.2549019753932953
0.2549019753932953
0.2078431397676468
0.23137255012989044
0.16470588743686676
0.25882354378700256
0.2980392277240753
0.3450980484485626
0.3294117748737335
0.3960784375667572
0.3843137323856354
0.4392156898975373
0.47450980544090277
0.5058823823928833
0.47058823704719543
0.46666666865348816
0.4588235318660736
0.4156862795352936
0.47058823704719543
0.5803921818733215
0.5529412031173706
0.529411792755127
0.5372549295425415
0.48627451062202454
0.33333334326744085
0.32549020648002625
0.3490196168422699
0.3490196168422699
0.2549019753932953
0.25882354378700256
0.1882352977991104
0.196078434586525
0.21176470816135406
0.1764705926179886
0.21176470816135406
0.26274511218070984
0.1725490242242813
0.25882354378700256
0.25882354378700256
0.3529411852359772
0.35686275362968445
0.38823530077934265
0.4392156898975373
0.501960813999176
0.4117647111415863
0.5058823823928833
0.5333333611488342
0.5333333611488342
0.47450980544090277
0.5333333611488342
0.5333333611488342
0.5372549295425415
0.5529412031173706
0.529411792755127
0.501960813999176
0.4274509847164154
0.3529411852359772
0.27843138575553894
0.29411765933036804
0.27058824896812445
0.2862745225429535
0.239215686917305
0.2549019753932953
0.22745098173618317
0.23137255012989044
0.1725490242242813
0.20392157137393957
0.2549019753932953
0.16078431904315948
0.3137255012989044
0.32549020648002625
0.30588236451148987
0.22745098173618317
0.364705890417099
0.37254902720451355
0.3607843220233917
0.5058823823928833
0.43529412150382996
0.5254902243614197
0.4941176474094391
0.48235294222831726
0.5411764979362489
0.5411764979362489
0.5490196347236633
0.572549045085907
0.49803921580314636
0.5333333611488342
0.3843137323856354
0.3764705955982208
0.3529411852359772
0.33725491166114807
0.3176470696926117
0.2980392277240753
0.22745098173618317
0.24705882370471954
0.22745098173618317
0.21176470816135406
0.1725490242242813
0.18431372940540316
0.26274511218070984
0.18431372940540316
0.27058824896812445
0.3529411852359772
0.3294117748737335
0.2862745225429535
0.37254902720451355
0.4392156898975373
0.46666666865348816
0.4627451002597809
0.44705882668495184
0.4941176474094391
0.501960813999176
0.501960813999176
0.501960813999176
0.5411764979362489
0.6117647290229797
0.5607843399047852
0.5803921818733215
0.4941176474094391
0.40784314274787914
0.4039215743541718
0.4039215743541718
0.4627451002597809
0.4588235318660736
0.45490196347236633
0.3607843220233917
0.3176470696926117
0.30980393290519714
0.20392157137393957
0.1725490242242813
0.16078431904315948
0.18039216101169586
0.16862745583057404
0.29019609093666077
0.29411765933036804
0.35686275362968445
0.3137255012989044
0.3529411852359772
0.4274509847164154
0.44705882668495184
0.4392156898975373
0.47450980544090277
0.5333333611488342
0.43529412150382996
0.5215686559677124
0.5803921818733215
0.5254902243614197
0.5764706134796143
0.5098039507865906
0.5372549295425415
0.5607843399047852
0.5803921818733215
0.5058823823928833
0.44705882668495184
0.4588235318660736
0.4313725531101227
0.4000000059604645
0.27843138575553894
0.26274511218070984
0.250980406999588
0.22745098173618317
0.16862745583057404
0.16078431904315948
0.16470588743686676
0.1764705926179886
0.23137255012989044
0.29411765933036804
0.34117648005485535
0.32549020648002625
0.4000000059604645
0.3764705955982208
0.4431372582912445
0.45490196347236633
0.47843137383461
0.529411792755127
0.5058823823928833
0.6509804129600525
0.5843137502670288
0.615686297416687
0.6196078658103943
0.5686274766921998
0.5254902243614197
0.47843137383461
0.47450980544090277
0.40784314274787914
0.4000000059604645
0.4627451002597809
0.34117648005485535
0.3764705955982208
0.2980392277240753
0.3294117748737335
0.22745098173618317
0.20000000298023224
0.16470588743686676
0.16078431904315948
0.16862745583057404
0.16862745583057404
0.29411765933036804
0.3137255012989044
0.3803921639919281
0.36862745881080633
0.37254902720451355
0.37254902720451355
0.36862745881080633
0.44705882668495184
0.5333333611488342
0.5333333611488342
0.45098039507865906
0.49803921580314636
0.5921568870544434
0.6431372761726379
0.572549045085907
0.6000000238418579
0.5490196347236633
0.5176470875740051
0.5176470875740051
0.49803921580314636
0.48235294222831726
0.4313725531101227
0.4000000059604645
0.3764705955982208
0.26274511218070984
0.30980393290519714
0.25882354378700256
0.23137255012989044
0.16862745583057404
0.1568627506494522
0.1725490242242813
0.1764705926179886
0.2549019753932953
0.2862745225429535
0.2862745225429535
0.27058824896812445
0.3176470696926117
0.4000000059604645
0.4274509847164154
0.4313725531101227
0.4039215743541718
0.49019607901573187
0.5490196347236633
0.6196078658103943
0.6078431606292725
0.5882353186607361
0.5372549295425415
0.5411764979362489
0.48627451062202454
0.5176470875740051
0.46666666865348816
0.45098039507865906
0.37254902720451355
0.4156862795352936
0.3607843220233917
0.35686275362968445
0.3294117748737335
0.23529411852359772
0.23137255012989044
0.21568627655506134
0.239215686917305
0.14901961386203766
0.16470588743686676
0.1764705926179886
0.30588236451148987
0.22352941334247592
0.2549019753932953
0.250980406999588
0.24705882370471954
0.36862745881080633
0.3764705955982208
0.3450980484485626
0.48627451062202454
0.4156862795352936
0.5490196347236633
0.501960813999176
0.5372549295425415
0.5254902243614197
0.49019607901573187
0.5176470875740051
0.545098066329956
0.4941176474094391
0.4313725531101227
0.4039215743541718
0.4313725531101227
0.34117648005485535
0.3764705955982208
0.35686275362968445
0.2823529541492462
0.2078431397676468
0.23137255012989044
0.18039216101169586
0.1411764770746231
0.16078431904315948
0.1411764770746231
0.15294118225574493
0.24313725531101227
0.24705882370471954
0.250980406999588
0.2666666805744171
0.21960784494876864
0.33333334326744085
0.33333334326744085
0.33725491166114807
0.4941176474094391
0.4588235318660736
0.4000000059604645
0.45098039507865906
0.4627451002597809
0.48235294222831726
0.46666666865348816
0.46666666865348816
0.48627451062202454
0.48235294222831726
0.46666666865348816
0.3803921639919281
0.40784314274787914
0.38823530077934265
0.3019607961177826
0.29411765933036804
0.3176470696926117
0.29019609093666077
0.196078434586525
0.21176470816135406
0.1764705926179886
0.14901961386203766
0.125490203499794
0.13725490868091583
0.35686275362968445
0.36862745881080633
0.26274511218070984
0.24313725531101227
0.239215686917305
0.3490196168422699
0.37254902720451355
0.4039215743541718
0.3960784375667572
0.4588235318660736
0.3843137323856354
0.42352941632270813
0.4313725531101227
0.43529412150382996
0.44705882668495184
0.4431372582912445
0.4392156898975373
0.4588235318660736
0.4274509847164154
0.47843137383461
0.42352941632270813
0.3176470696926117
0.38823530077934265
0.3607843220233917
0.27450981736183167
0.2862745225429535
0.1921568661928177
0.13725490868091583
0.14901961386203766
0.1764705926179886
0.14509804546833038
0.1411764770746231
0.3607843220233917
0.35686275362968445
0.250980406999588
0.2666666805744171
0.20392157137393957
0.3490196168422699
0.35686275362968445
0.364705890417099
0.4000000059604645
0.35686275362968445
0.34117648005485535
0.40784314274787914
0.3960784375667572
0.4117647111415863
0.42352941632270813
0.38823530077934265
0.39215686917305
0.38823530077934265
0.3490196168422699
0.3843137323856354
0.35686275362968445
0.34117648005485535
0.3137255012989044
0.33333334326744085
0.2823529541492462
0.29019609093666077
0.250980406999588
0.22745098173618317
0.1725490242242813
0.1568627506494522
0.1568627506494522
0.13725490868091583
0.3843137323856354
0.3529411852359772
0.250980406999588
0.26274511218070984
0.196078434586525
0.2823529541492462
0.3019607961177826
0.2980392277240753
0.3450980484485626
0.39215686917305
0.3764705955982208
0.38823530077934265
0.3960784375667572
0.4039215743541718
0.3960784375667572
0.36862745881080633
0.3803921639919281
0.36862745881080633
0.4039215743541718
0.38823530077934265
0.3294117748737335
0.29019609093666077
0.3137255012989044
0.2549019753932953
0.3019607961177826
0.2666666805744171
0.250980406999588
0.22745098173618317
0.18039216101169586
0.16862745583057404
0.13725490868091583
0.12941177189350128
0.4039215743541718
0.364705890417099
0.2862745225429535
0.23529411852359772
0.1882352977991104
0.35686275362968445
0.3490196168422699
0.3294117748737335
0.3607843220233917
0.35686275362968445
0.3529411852359772
0.27843138575553894
0.3450980484485626
0.37254902720451355
0.3843137323856354
0.3490196168422699
0.3843137323856354
0.3450980484485626
0.3490196168422699
0.32549020648002625
0.3490196168422699
0.32156863808631897
0.30980393290519714
0.29019609093666077
0.27843138575553894
0.2666666805744171
0.2078431397676468
0.21960784494876864
0.20000000298023224
0.15294118225574493
0.1725490242242813
0.1411764770746231
0.3764705955982208
0.3529411852359772
0.2862745225429535
0.27058824896812445
0.18431372940540316
0.30980393290519714
0.29411765933036804
0.30588236451148987
0.32549020648002625
0.3294117748737335
0.3607843220233917
0.3450980484485626
0.34117648005485535
0.3529411852359772
0.3607843220233917
0.36862745881080633
0.3490196168422699
0.3294117748737335
0.2666666805744171
0.32156863808631897
0.3137255012989044
0.27450981736183167
0.30588236451148987
0.2862745225429535
0.2666666805744171
0.23137255012989044
0.23529411852359772
0.2078431397676468
0.21176470816135406
0.16078431904315948
0.1411764770746231
0.13725490868091583
0.3529411852359772
0.3607843220233917
0.26274511218070984
0.27058824896812445
0.1882352977991104
0.2980392277240753
0.3137255012989044
0.34117648005485535
0.3176470696926117
0.364705890417099
0.32549020648002625
0.27843138575553894
0.3019607961177826
0.27450981736183167
0.2862745225429535
0.32156863808631897
0.3137255012989044
0.2862745225429535
0.27450981736183167
0.3294117748737335
0.25882354378700256
0.20392157137393957
0.250980406999588
0.2549019753932953
0.23529411852359772
0.22745098173618317
0.239215686917305
0.21568627655506134
0.18431372940540316
0.1764705926179886
0.16470588743686676
0.14509804546833038
0.36862745881080633
0.3490196168422699
0.2666666805744171
0.21960784494876864
0.18431372940540316
0.32156863808631897
0.32156863808631897
0.2666666805744171
0.21568627655506134
0.250980406999588
0.26274511218070984
0.29411765933036804
0.30980393290519714
0.3176470696926117
0.24313725531101227
0.239215686917305
0.24313725531101227
0.2980392277240753
0.27843138575553894
0.27450981736183167
0.239215686917305
0.23137255012989044
0.24313725531101227
0.22352941334247592
0.22745098173618317
0.24705882370471954
0.21960784494876864
0.20392157137393957
0.21568627655506134
0.14901961386203766
0.1411764770746231
0.13725490868091583
0.3764705955982208
0.34117648005485535
0.250980406999588
0.2078431397676468
0.1921568661928177
0.22745098173618317
0.2862745225429535
0.2823529541492462
0.29411765933036804
0.27058824896812445
0.25882354378700256
0.250980406999588
0.26274511218070984
0.26274511218070984
0.22745098173618317
0.2078431397676468
0.2862745225429535
0.250980406999588
0.24313725531101227
0.29411765933036804
0.27843138575553894
0.20000000298023224
0.26274511218070984
0.196078434586525
0.22745098173618317
0.24705882370471954
0.21960784494876864
0.16470588743686676
0.18043137669563294
0.1401960825175047
0.10000000402331354
0.12811765432357788
