0.0117647061124444
0.007843137718737125
0.007843137718737125
0.007843137718737125
0.0117647061124444
0.0
0.02745098061859608
0.01568627543747425
0.03921568766236305
0.007843137718737125
0.02745098061859608
0.0
0.02745098061859608
0.003921568859368563
0.06666667014360428
0.003921568859368563
0.0
0.0
0.0
0.0
0.0
0.0
0.0
0.0
0.0
0.0
0.0
0.0
0.0
0.02745098061859608
0.01568627543747425
0.0
0.062745101749897
0.062745101749897
0.09019608050584793
0.0784313753247261
0.0784313753247261
0.07058823853731155
0.08235294371843338
0.0941176488995552
0.125490203499794
0.10588235408067703
0.15294118225574493
0.16862745583057404
0.1882352977991104
0.39215686917305
0.3843137323856354
0.3137255012989044
0.32156863808631897
0.250980406999588
0.25882354378700256
0.36862745881080633
0.38823530077934265
0.250980406999588
0.16078431904315948
0.22745098173618317
0.09019608050584793
0.0980392172932625
0.125490203499794
0.10196078568696978
0.0941176488995552
0.13333334028720856
0.08235294371843338
0.07058823853731155
0.07450980693101883
0.05490196123719216
0.09019608050584793
0.07058823853731155
0.10196078568696978
0.08235294371843338
0.10196078568696978
0.0941176488995552
0.10980392247438432
0.0784313753247261
0.2078431397676468
0.1411764770746231
0.20000000298023224
0.37254902720451355
0.27450981736183167
0.29411765933036804
0.30588236451148987
0.32156863808631897
0.22745098173618317
0.4000000059604645
0.250980406999588
0.21568627655506134
0.27450981736183167
0.21176470816135406
0.22745098173618317
0.1411764770746231
0.10588235408067703
0.10196078568696978
0.12156862765550613
0.13333334028720856
0.08235294371843338
0.07058823853731155
0.07450980693101883
0.0784313753247261
0.10980392247438432
0.08235294371843338
0.07058823853731155
0.08627451211214066
0.11764705926179886
0.1568627506494522
0.14901961386203766
0.125490203499794
0.1882352977991104
0.22352941334247592
0.2078431397676468
0.42352941632270813
0.24705882370471954
0.4039215743541718
0.4431372582912445
0.3176470696926117
0.3529411852359772
0.29019609093666077
0.38823530077934265
0.21176470816135406
0.3294117748737335
0.10588235408067703
0.13725490868091583
0.18039216101169586
0.15294118225574493
0.10196078568696978
0.12941177189350128
0.13725490868091583
0.0980392172932625
0.10588235408067703
0.062745101749897
0.0980392172932625
0.10196078568696978
0.0784313753247261
0.0941176488995552
0.08627451211214066
0.0980392172932625
0.10980392247438432
0.1725490242242813
0.16470588743686676
0.1411764770746231
0.16470588743686676
0.1764705926179886
0.49803921580314636
0.4117647111415863
0.45490196347236633
0.5137255191802979
0.4313725531101227
0.3764705955982208
0.33333334326744085
0.3490196168422699
0.3960784375667572
0.15294118225574493
0.14509804546833038
0.1725490242242813
0.0980392172932625
0.09019608050584793
0.14901961386203766
0.14901961386203766
0.0980392172932625
0.10980392247438432
0.10196078568696978
0.07450980693101883
0.09019608050584793
0.0784313753247261
0.07058823853731155
0.0784313753247261
0.08627451211214066
0.0980392172932625
0.13333334028720856
0.14901961386203766
0.1411764770746231
0.20392157137393957
0.16862745583057404
0.14509804546833038
0.4392156898975373
0.3450980484485626
0.4431372582912445
0.5058823823928833
0.25882354378700256
0.24313725531101227
0.4392156898975373
0.27450981736183167
0.4117647111415863
0.13725490868091583
0.24313725531101227
0.196078434586525
0.16470588743686676
0.196078434586525
0.14509804546833038
0.12941177189350128
0.0784313753247261
0.11764705926179886
0.06666667014360428
0.07450980693101883
0.07450980693101883
0.12156862765550613
0.10196078568696978
0.10196078568696978
0.10196078568696978
0.1411764770746231
0.0980392172932625
0.1568627506494522
0.13333334028720856
0.1725490242242813
0.20000000298023224
0.21568627655506134
0.29411765933036804
0.18431372940540316
0.46666666865348816
0.5098039507865906
0.3529411852359772
0.3607843220233917
0.3764705955982208
0.47058823704719543
0.36862745881080633
0.23529411852359772
0.1921568661928177
0.2078431397676468
0.239215686917305
0.18039216101169586
0.16078431904315948
0.10588235408067703
0.09019608050584793
0.0941176488995552
0.08235294371843338
0.0941176488995552
0.09019608050584793
0.12941177189350128
0.10196078568696978
0.09019608050584793
0.11764705926179886
0.11764705926179886
0.08627451211214066
0.16078431904315948
0.0941176488995552
0.13725490868091583
0.1764705926179886
0.27450981736183167
0.21176470816135406
0.49803921580314636
0.5490196347236633
0.5137255191802979
0.39215686917305
0.4588235318660736
0.3450980484485626
0.1725490242242813
0.27450981736183167
0.21960784494876864
0.2862745225429535
0.1411764770746231
0.1568627506494522
0.239215686917305
0.12156862765550613
0.11372549086809158
0.10196078568696978
0.08235294371843338
0.0784313753247261
0.06666667014360428
0.0980392172932625
0.10196078568696978
0.07450980693101883
0.13333334028720856
0.10980392247438432
0.14509804546833038
0.13725490868091583
0.16470588743686676
0.18431372940540316
0.12941177189350128
0.24313725531101227
0.2078431397676468
0.35686275362968445
0.5176470875740051
0.4588235318660736
0.4941176474094391
0.29019609093666077
0.49803921580314636
0.545098066329956
0.16470588743686676
0.14509804546833038
0.30980393290519714
0.32156863808631897
0.20392157137393957
0.20392157137393957
0.16470588743686676
0.0941176488995552
0.125490203499794
0.0941176488995552
0.09019608050584793
0.0941176488995552
0.13725490868091583
0.14509804546833038
0.10588235408067703
0.0941176488995552
0.0941176488995552
0.10588235408067703
0.20000000298023224
0.13725490868091583
0.18431372940540316
0.11764705926179886
0.22352941334247592
0.23529411852359772
0.29411765933036804
0.3803921639919281
0.49803921580314636
0.572549045085907
0.44705882668495184
0.39215686917305
0.4431372582912445
0.43529412150382996
0.3764705955982208
0.30588236451148987
0.27450981736183167
0.2823529541492462
0.1764705926179886
0.12156862765550613
0.21568627655506134
0.10196078568696978
0.11764705926179886
0.08627451211214066
0.08235294371843338
0.08627451211214066
0.15294118225574493
0.16862745583057404
0.21176470816135406
0.21176470816135406
0.14509804546833038
0.14901961386203766
0.13725490868091583
0.20000000298023224
0.2078431397676468
0.23137255012989044
0.16078431904315948
0.27058824896812445
0.32549020648002625
0.30588236451148987
0.44705882668495184
0.4941176474094391
0.5137255191802979
0.24313725531101227
0.45098039507865906
0.27450981736183167
0.23529411852359772
0.34117648005485535
0.1568627506494522
0.10980392247438432
0.1725490242242813
0.10980392247438432
0.10588235408067703
0.125490203499794
0.12941177189350128
0.10196078568696978
0.0980392172932625
0.08627451211214066
0.18039216101169586
0.1764705926179886
0.1882352977991104
0.2078431397676468
0.2078431397676468
0.2823529541492462
0.364705890417099
0.12941177189350128
0.12156862765550613
0.2823529541492462
0.30980393290519714
0.1882352977991104
0.2823529541492462
0.1764705926179886
0.45490196347236633
0.4196078479290009
0.47843137383461
0.5568627715110779
0.13333334028720856
0.1882352977991104
0.3607843220233917
0.2078431397676468
0.13725490868091583
0.30980393290519714
0.11372549086809158
0.16862745583057404
0.10980392247438432
0.0941176488995552
0.0941176488995552
0.12156862765550613
0.062745101749897
0.07058823853731155
0.20392157137393957
0.2078431397676468
0.22352941334247592
0.21176470816135406
0.22745098173618317
0.32549020648002625
0.36862745881080633
0.35686275362968445
0.26274511218070984
0.27058824896812445
0.25882354378700256
0.364705890417099
0.3176470696926117
0.22352941334247592
0.46666666865348816
0.3960784375667572
0.3019607961177826
0.4313725531101227
0.1921568661928177
0.23137255012989044
0.23529411852359772
0.25882354378700256
0.125490203499794
0.11764705926179886
0.1764705926179886
0.26274511218070984
0.12156862765550613
0.10196078568696978
0.0941176488995552
0.10588235408067703
0.0941176488995552
0.07058823853731155
0.21960784494876864
0.239215686917305
0.2666666805744171
0.26274511218070984
0.26274511218070984
0.36862745881080633
0.45098039507865906
0.40784314274787914
0.32156863808631897
0.3490196168422699
0.364705890417099
0.3450980484485626
0.4156862795352936
0.30588236451148987
0.5058823823928833
0.4039215743541718
0.46666666865348816
0.5137255191802979
0.2823529541492462
0.18039216101169586
0.3019607961177826
0.16470588743686676
0.1921568661928177
0.10980392247438432
0.18431372940540316
0.1725490242242813
0.15294118225574493
0.0980392172932625
0.0941176488995552
0.08627451211214066
0.0980392172932625
0.0941176488995552
0.22352941334247592
0.2666666805744171
0.32549020648002625
0.24705882370471954
0.24705882370471954
0.4196078479290009
0.5882353186607361
0.3803921639919281
0.3529411852359772
0.33725491166114807
0.364705890417099
0.39215686917305
0.33333334326744085
0.38823530077934265
0.47058823704719543
0.43529412150382996
0.49803921580314636
0.5215686559677124
0.196078434586525
0.1921568661928177
0.16078431904315948
0.15294118225574493
0.1568627506494522
0.196078434586525
0.1764705926179886
0.12941177189350128
0.13725490868091583
0.12156862765550613
0.0941176488995552
0.0980392172932625
0.09019608050584793
0.10196078568696978
0.3607843220233917
0.2980392277240753
0.2980392277240753
0.2666666805744171
0.4117647111415863
0.572549045085907
0.5686274766921998
0.3019607961177826
0.3607843220233917
0.27058824896812445
0.35686275362968445
0.4392156898975373
0.37254902720451355
0.38823530077934265
0.5490196347236633
0.4196078479290009
0.5333333611488342
0.3529411852359772
0.26274511218070984
0.3450980484485626
0.24705882370471954
0.1568627506494522
0.125490203499794
0.14901961386203766
0.11764705926179886
0.2549019753932953
0.12156862765550613
0.11372549086809158
0.09019608050584793
0.09019608050584793
0.09019608050584793
0.29411765933036804
0.46666666865348816
0.4039215743541718
0.33333334326744085
0.42352941632270813
0.5411764979362489
0.5843137502670288
0.46666666865348816
0.3960784375667572
0.3607843220233917
0.4196078479290009
0.5058823823928833
0.364705890417099
0.4039215743541718
0.44705882668495184
0.47058823704719543
0.4117647111415863
0.45490196347236633
0.4000000059604645
0.3137255012989044
0.42352941632270813
0.3490196168422699
0.20000000298023224
0.1764705926179886
0.13725490868091583
0.1921568661928177
0.250980406999588
0.125490203499794
0.13333334028720856
0.0980392172932625
0.0941176488995552
0.07450980693101883
0.0784313753247261
0.5254902243614197
0.529411792755127
0.5411764979362489
0.5568627715110779
0.5843137502670288
0.49019607901573187
0.3450980484485626
0.4117647111415863
0.4431372582912445
0.40784314274787914
0.4196078479290009
0.5333333611488342
0.5411764979362489
0.545098066329956
0.49019607901573187
0.47450980544090277
0.47843137383461
0.4941176474094391
0.4156862795352936
0.38823530077934265
0.3803921639919281
0.24313725531101227
0.2862745225429535
0.1764705926179886
0.14901961386203766
0.1568627506494522
0.16862745583057404
0.1921568661928177
0.16470588743686676
0.10196078568696978
0.07450980693101883
0.0784313753247261
0.45490196347236633
0.501960813999176
0.5254902243614197
0.5137255191802979
0.4196078479290009
0.29019609093666077
0.3019607961177826
0.37254902720451355
0.4274509847164154
0.38823530077934265
0.4156862795352936
0.5490196347236633
0.45098039507865906
0.729411780834198
0.49803921580314636
0.6196078658103943
0.5254902243614197
0.5333333611488342
0.4431372582912445
0.32156863808631897
0.3294117748737335
0.3529411852359772
0.2666666805744171
0.239215686917305
0.1921568661928177
0.22352941334247592
0.1764705926179886
0.10980392247438432
0.14901961386203766
0.08627451211214066
0.06666667014360428
0.062745101749897
0.21568627655506134
0.20000000298023224
0.16470588743686676
0.1725490242242813
0.22352941334247592
0.38823530077934265
0.3529411852359772
0.3490196168422699
0.44705882668495184
0.4392156898975373
0.49803921580314636
0.46666666865348816
0.48235294222831726
0.4392156898975373
0.47058823704719543
0.4117647111415863
0.5254902243614197
0.48627451062202454
0.529411792755127
0.39215686917305
0.43529412150382996
0.4156862795352936
0.3607843220233917
0.3843137323856354
0.2862745225429535
0.1764705926179886
0.23137255012989044
0.15294118225574493
0.15294118225574493
0.1411764770746231
0.11764705926179886
0.10588235408067703
0.3843137323856354
0.24705882370471954
0.32156863808631897
0.30588236451148987
0.35686275362968445
0.34117648005485535
0.33725491166114807
0.3764705955982208
0.3529411852359772
0.48627451062202454
0.6196078658103943
0.42352941632270813
0.43529412150382996
0.49019607901573187
0.4313725531101227
0.5176470875740051
0.47450980544090277
0.48627451062202454
0.5215686559677124
0.4431372582912445
0.4431372582912445
0.4627451002597809
0.3450980484485626
0.4588235318660736
0.34117648005485535
0.18431372940540316
0.21960784494876864
0.16862745583057404
0.1725490242242813
0.16078431904315948
0.09019608050584793
0.0980392172932625
0.26274511218070984
0.34117648005485535
0.3137255012989044
0.33333334326744085
0.364705890417099
0.32549020648002625
0.3607843220233917
0.3803921639919281
0.4196078479290009
0.40784314274787914
0.47843137383461
0.4431372582912445
0.4274509847164154
0.45098039507865906
0.6901960968971252
0.4588235318660736
0.5411764979362489
0.5098039507865906
0.45490196347236633
0.3843137323856354
0.40784314274787914
0.37254902720451355
0.3490196168422699
0.3294117748737335
0.2980392277240753
0.250980406999588
0.2666666805744171
0.20392157137393957
0.15294118225574493
0.16470588743686676
0.13333334028720856
0.08627451211214066
0.1882352977991104
0.2823529541492462
0.33725491166114807
0.37254902720451355
0.3529411852359772
0.4274509847164154
0.39215686917305
0.4117647111415863
0.4313725531101227
0.43529412150382996
0.48235294222831726
0.48627451062202454
0.47450980544090277
0.545098066329956
0.3764705955982208
0.45490196347236633
0.3960784375667572
0.47843137383461
0.5058823823928833
0.4431372582912445
0.4313725531101227
0.36862745881080633
0.3764705955982208
0.32549020648002625
0.25882354378700256
0.20000000298023224
0.2549019753932953
0.24313725531101227
0.18431372940540316
0.16862745583057404
0.15294118225574493
0.13725490868091583
0.25882354378700256
0.27058824896812445
0.30588236451148987
0.33333334326744085
0.38823530077934265
0.3803921639919281
0.4196078479290009
0.3843137323856354
0.3960784375667572
0.4000000059604645
0.5333333611488342
0.47843137383461
0.48627451062202454
0.5843137502670288
0.5960784554481506
0.4627451002597809
0.4588235318660736
0.49019607901573187
0.42352941632270813
0.5058823823928833
0.4039215743541718
0.36862745881080633
0.4392156898975373
0.3529411852359772
0.34117648005485535
0.24313725531101227
0.3019607961177826
0.2549019753932953
0.21568627655506134
0.1921568661928177
0.23529411852359772
0.1568627506494522
0.2549019753932953
0.2823529541492462
0.30588236451148987
0.30588236451148987
0.364705890417099
0.35686275362968445
0.4274509847164154
0.39215686917305
0.4156862795352936
0.4313725531101227
0.44705882668495184
0.572549045085907
0.44705882668495184
0.4431372582912445
0.44705882668495184
0.48235294222831726
0.501960813999176
0.4274509847164154
0.4313725531101227
0.4274509847164154
0.40784314274787914
0.3960784375667572
0.35686275362968445
0.32156863808631897
0.3137255012989044
0.26274511218070984
0.29411765933036804
0.250980406999588
0.21176470816135406
0.18431372940540316
0.16862745583057404
0.21568627655506134
0.35686275362968445
0.3450980484485626
0.34117648005485535
0.32549020648002625
0.364705890417099
0.4000000059604645
0.4039215743541718
0.3960784375667572
0.4117647111415863
0.40784314274787914
0.4392156898975373
0.48627451062202454
0.44705882668495184
0.4941176474094391
0.5176470875740051
0.5058823823928833
0.4313725531101227
0.3960784375667572
0.4196078479290009
0.40784314274787914
0.42352941632270813
0.37254902720451355
0.37254902720451355
0.3764705955982208
0.3490196168422699
0.30588236451148987
0.3294117748737335
0.29019609093666077
0.22745098173618317
0.23137255012989044
0.18039216101169586
0.15294118225574493
0.35686275362968445
0.30588236451148987
0.33725491166114807
0.42352941632270813
0.3803921639919281
0.39215686917305
0.38823530077934265
0.4039215743541718
0.42352941632270813
0.40784314274787914
0.49803921580314636
0.43529412150382996
0.42352941632270813
0.4313725531101227
0.46666666865348816
0.47450980544090277
0.4117647111415863
0.4392156898975373
0.4196078479290009
0.35686275362968445
0.3803921639919281
0.44705882668495184
0.36862745881080633
0.3803921639919281
0.3137255012989044
0.29411765933036804
0.3019607961177826
0.29411765933036804
0.26274511218070984
0.23137255012989044
0.250980406999588
0.1882352977991104
0.30588236451148987
0.3294117748737335
0.3490196168422699
0.3803921639919281
0.4117647111415863
0.3764705955982208
0.4274509847164154
0.4196078479290009
0.3960784375667572
0.4431372582912445
0.4392156898975373
0.45098039507865906
0.4941176474094391
0.45098039507865906
0.4156862795352936
0.3803921639919281
0.3843137323856354
0.39215686917305
0.5137255191802979
0.3960784375667572
0.40784314274787914
0.33333334326744085
0.501960813999176
0.3529411852359772
0.3607843220233917
0.33333334326744085
0.2823529541492462
0.30980393290519714
0.2862745225429535
0.2666666805744171
0.239215686917305
0.21960784494876864
0.27450981736183167
0.38823530077934265
0.3490196168422699
0.37254902720451355
0.3843137323856354
0.39215686917305
0.49803921580314636
0.3960784375667572
0.4039215743541718
0.3803921639919281
0.4000000059604645
0.48627451062202454
0.5176470875740051
0.40784314274787914
0.4313725531101227
0.3529411852359772
0.3960784375667572
0.45098039507865906
0.38823530077934265
0.3960784375667572
0.3960784375667572
0.36862745881080633
0.3529411852359772
0.3960784375667572
0.34117648005485535
0.3450980484485626
0.33725491166114807
0.3137255012989044
0.2666666805744171
0.27450981736183167
0.250980406999588
0.23137255012989044
0.2862745225429535
0.3176470696926117
0.34117648005485535
0.37254902720451355
0.42352941632270813
0.38823530077934265
0.4431372582912445
0.4000000059604645
0.5058823823928833
0.47450980544090277
0.45490196347236633
0.4941176474094391
0.5058823823928833
0.5098039507865906
0.4392156898975373
0.4196078479290009
0.4000000059604645
0.3607843220233917
0.4392156898975373
0.43529412150382996
0.4000000059604645
0.40784314274787914
0.3529411852359772
0.3490196168422699
0.3294117748737335
0.32156863808631897
0.3019607961177826
0.3529411852359772
0.32549020648002625
0.23529411852359772
0.30980393290519714
0.24705882370471954
0.27843138575553894
0.3294117748737335
0.35686275362968445
0.33333334326744085
0.37254902720451355
0.4000000059604645
0.3764705955982208
0.4000000059604645
0.4431372582912445
0.45098039507865906
0.4274509847164154
0.5215686559677124
0.4000000059604645
0.49803921580314636
0.45098039507865906
0.47843137383461
0.4000000059604645
0.3960784375667572
0.3960784375667572
0.3176470696926117
0.4313725531101227
0.45490196347236633
0.4000000059604645
0.37254902720451355
0.38823530077934265
0.37254902720451355
0.3176470696926117
0.3019607961177826
0.23529411852359772
0.2666666805744171
0.2666666805744171
0.20392157137393957
0.2862745225429535
0.3607843220233917
0.40784314274787914
0.3490196168422699
0.39215686917305
0.3843137323856354
0.3960784375667572
0.4039215743541718
0.43529412150382996
0.43529412150382996
0.49803921580314636
0.47450980544090277
0.44705882668495184
0.4392156898975373
0.3764705955982208
0.4156862795352936
0.40784314274787914
0.4156862795352936
0.34117648005485535
0.4156862795352936
0.48627451062202454
0.3450980484485626
0.1725490242242813
0.5058823823928833
0.4000000059604645
0.2980392277240753
0.37254902720451355
0.36862745881080633
0.32156863808631897
0.1558823585510254
0.2412549075484276
0.2523529510200024
