0.0117647061124444
0.007843137718737125
0.007843137718737125
0.003921568859368563
0.01568627543747425
0.05490196123719216
0.0235294122248888
0.03529411926865578
0.03921568766236305
0.003921568859368563
0.02745098061859608
0.0
0.02745098061859608
0.0470588244497776
0.07058823853731155
0.0
0.0
0.0
0.0
0.0
0.0
0.0
0.0
0.0
0.0
0.0
0.0
0.0
0.007843137718737125
0.0235294122248888
0.019607843831181526
0.0
0.002666666824370623
0.005254902271553874
0.04737255057319999
0.0066274513723328715
0.14282353334128858
0.0826274522766471
0.04066666735336185
0.014392157560214402
0.0761568638123572
0.08411765018478037
0.00925490234978497
0.2030980446189642
0.009215686819516122
0.03686274697072804
0.006588235525414347
0.03286274594254792
0.005254902271553874
0.18203921727836134
0.022392157409340144
0.10996078774333001
0.018274510269984605
0.13121568966656924
0.12062745623290538
0.007882353249005974
0.015764706498011948
0.006588235525414347
0.11368627764284611
0.031411765483208
0.14917647413909435
0.03811764759011567
0.06949019754305483
0.061568629387766124
0.002666666824370623
0.002627451135776937
0.002627451135776937
0.05768627606332302
0.002666666824370623
0.009215686819516122
0.003960784547962249
0.022352941879071296
0.15878431670367718
0.3029019676148892
0.0876470610499382
0.08380392402410508
0.23196079537272454
0.025019608386792246
0.002666666824370623
0.0013333334121853114
0.14666667036712172
0.061725491816177966
0.1690980415791273
0.005294117801822722
0.07854902114719153
0.07223529541864993
0.018431373331695797
0.11121568709611893
0.019686274891719223
0.01180392211303115
0.09023529618978501
0.38043137967586516
0.005254902271553874
0.15694118201732637
0.02215686328709126
0.06027451181784272
0.0117647061124444
0.01819607920013368
0.07749019768089056
0.002627451135776937
0.005254902271553874
0.013176471050828694
0.003960784547962249
0.017019608383998276
0.04352941293269396
0.022392157409340144
0.1523137288540602
0.014392157560214402
0.010470588542521
0.017176471445709468
0.027568628611043096
0.01847058901563287
0.007882353095337748
0.009176470818929375
0.10113725947216154
0.03407843214459717
0.10870588708668948
0.05129411973524839
0.06968627565540374
0.16529412023723125
0.018313726261258125
0.13482353381812573
0.012941176928579807
0.11247058898210527
0.009137255288660526
0.007843137565068901
0.11635294415056706
0.009137255288660526
0.011764706266112625
0.014470588620752097
0.002666666824370623
0.002666666824370623
0.0013333334121853114
0.014431373244151474
0.009215686819516122
0.0013333334121853114
0.0249019617959857
0.00925490234978497
0.200509811937809
0.19149020217359067
0.007843137718737125
0.002627451135776937
0.01321568642742932
0.005215686582960188
0.010509804543107747
0.0562745120562613
0.019647059668786823
0.03270588351413608
0.10074509948492051
0.08933333829976618
0.2921960859000683
0.24262745894491677
0.33631373032927514
0.2513333432376385
0.15850980691611768
0.043254903415217996
0.2696862833201885
0.3154117707908154
0.028784314505755904
0.0470588250644505
0.003960784547962249
0.003960784547962249
0.003960784547962249
0.0
0.002627451135776937
0.006588235525414348
0.01705882406793535
0.007882353249005972
0.0065490199951454995
0.018392157014459374
0.08149019936099648
0.07243137575685979
0.1639607869833708
0.16788235537707807
0.014470588774420319
0.002627451135776937
0.06431372726336121
0.25533334299921995
0.07215686405077577
0.03674509865231812
0.0865098049864173
0.3182353000342846
0.2698823617398739
0.31188235923647883
0.3118431435525417
0.3613725523650646
0.26980393037199973
0.22780393287539485
0.17678431563079355
0.1820392172783613
0.09050980628468097
0.10505882755853235
0.002627451135776937
0.009137255288660526
0.005254902271553874
0.002627451135776937
0.002627451135776937
0.01180392211303115
0.002627451135776937
0.003960784547962249
0.18360784463584423
0.26101961471140384
0.003921568859368563
0.018392157321795822
0.03945098195690662
0.057843139106407766
0.031411765944212675
0.009137255288660526
0.051058824826031926
0.12325490582734347
0.04466666914988309
0.16501961044967176
0.17549019806087018
0.3338039265573025
0.31545098647475245
0.3458039258420468
0.23729412592947485
0.2829411844909191
0.2933725564181805
0.23956863805651668
0.22141177393496037
0.09850980818737298
0.27772549852728845
0.24105883158743385
0.002627451135776937
0.003960784547962249
0.002627451135776937
0.002627451135776937
0.014431373244151474
0.01835294163785875
0.002627451135776937
0.0013333334121853114
0.0341176481358707
0.07627451086416841
0.03274509858340025
0.0472156878374517
0.0222352946549654
0.05376470828428864
0.22156863667070867
0.017137255761772396
0.20811764955520629
0.13086274851113558
0.1951764763146639
0.31552941784262656
0.3885098105669022
0.3690588313341141
0.40847059369087224
0.22294118560850623
0.28427451774477963
0.30015686973929406
0.20960785306990148
0.26741177119314674
0.24498039998114107
0.09976471007335933
0.2684313814342022
0.3050196145474911
0.09556862797588112
0.21450981095433239
0.08643137361854315
0.026156863202340903
0.04192156923934818
0.005254902271553874
0.002627451135776937
0.010470588542521
0.08121568765491248
0.06956862891092896
0.04478431512601674
0.03411764782853424
0.04196078553795815
0.12039216212928294
0.08905882444232703
0.07843137409538031
0.35984314560890196
0.4238823673129082
0.4303529551625252
0.39776471197605134
0.4371372684836388
0.36007843479514123
0.3730588261783123
0.4306666806340218
0.36666666969656947
0.3692941205203534
0.29196079179644585
0.3574117682874203
0.4057254958152771
0.4132941228151321
0.15839215863496067
0.20027451522648335
0.12976470936089757
0.07737255062907934
0.09035294201225043
0.24325491234660152
0.4329803961515427
0.3623137336969376
0.26309804841876033
0.2539215783774853
0.49301962822675705
0.1614901976659894
0.3014509873092175
0.5911372694373132
0.6094117879867553
0.572784329354763
0.6355686491727829
0.6068235430121423
0.6617255103588104
0.5924313870072365
0.6421176683902741
0.5074902155995369
0.5401960960030556
0.45529413014650344
0.4944313928484917
0.3245490251481533
0.3731372575461865
0.39662745714187625
0.46698040395975116
0.4539215812087059
0.40952941715717317
0.584627465903759
0.3479215776920319
0.6133725720643998
0.17145098507404327
0.17149020075798035
0.2682353030145168
0.32964706897735596
0.2956470660865307
0.47737257033586505
0.4878039422631264
0.6041960921883583
0.6107059055566788
0.6630196279287339
0.5924706026911736
0.6721568822860717
0.6460392367839813
0.6747843331098557
0.5989411905407906
0.6198823755979539
0.6616862946748734
0.6982745277881623
0.721843153834343
0.6617255103588104
0.6486666876077652
0.6930980575084686
0.6799608033895492
0.5897647303342819
0.5231372734904289
0.6211372774839401
0.379254909157753
0.644745119214058
0.6564706087112426
0.6055294352769852
0.6564706087112426
0.5860000148415565
0.2120392179489136
0.22250981062650682
0.23945099100470543
0.26811765596270565
0.2995294237136841
0.43811765074729925
0.42643137693405153
0.6015686511993409
0.6394902175664902
0.5453725662827492
0.6629804122447968
0.5518823698163033
0.4786666879057885
0.602941190302372
0.6944313907623292
0.5584313890337944
0.5349411943554879
0.6500392365455628
0.39760784924030307
0.7193333500623703
0.6617647260427475
0.6735294312238693
0.6879215872287752
0.6434510016441346
0.7074509978294372
0.6813333523273468
0.6604313927888871
0.6799608033895492
0.6656470787525177
0.6748627644777299
0.6735686469078065
0.6357255119085312
0.345294126868248
0.593764720261097
0.6016078668832779
0.5976862886548042
0.6473333543539048
0.6041961020231247
0.6434510016441346
0.6682353138923646
0.6407451194524765
0.6382353156805038
0.663058843612671
0.642078452706337
0.5100000193715095
0.45905882596969605
0.5950196319818497
0.7178039383888245
0.4238039261102676
0.6538039422035218
0.5230980578064919
0.33745099008083346
0.5701176726818085
0.5976862984895707
0.6093333566188812
0.5518823796510697
0.721843153834343
0.6800392347574234
0.687882371544838
0.6342353159189225
0.583372573852539
0.6800392347574234
0.6460392367839813
0.6434902173280717
0.5192941364645958
0.5714902117848397
0.47607845276594163
0.5467058995366098
0.5898039361834526
0.5427451154589653
0.5885098186135292
0.6551764911413194
0.6094510036706925
0.26819608733057976
0.6499215894937516
0.6720784509181977
0.6329411983489991
0.5807059073448182
0.4812941387295724
0.6407843351364136
0.44984314024448396
0.6407843351364135
0.5925098183751106
0.6643529611825942
0.4538823655247688
0.7022353118658067
0.5675294277071954
0.6512549227476121
0.6839608031511307
0.669607862830162
0.6499215894937516
0.6774509996175766
0.6721960979700089
0.6709019804000855
0.6474117857217789
0.6408627665042878
0.47078432530164727
0.4931372752785683
0.5701960942149162
0.5466666838526726
0.6760784506797791
0.632980414032936
0.6238431596755982
0.5230980578064919
0.6382745313644409
0.6734117841720582
0.6133725720643998
0.6328627669811249
0.6041961020231247
0.6447059035301209
0.5361960962414741
0.477333334684372
0.44725490510463717
0.6069019743800164
0.48521570712327966
0.7153333503007889
0.626431394815445
0.7035686451196671
0.7258431535959244
0.7087451153993607
0.6865490382909775
0.6643137454986572
0.6774117839336395
0.6617647260427475
0.6800000190734864
0.6500784522294999
0.672235313653946
0.6540000206232071
0.46043138474226
0.5283921751379967
0.5086666861176492
0.3532549107074738
0.27207844004035
0.6865490382909775
0.644745119214058
0.6538823735713959
0.6827059012651444
0.6787451171875001
0.5546274676918984
0.5898823773860932
0.425058827996254
0.6395686489343644
0.7323529571294785
0.3792941248416901
0.6773725682497025
0.7035686451196671
0.5585882517695427
0.5049411961436272
0.6369019824266434
0.669568647146225
0.7022353118658067
0.6356078648567199
0.663058843612671
0.6787451171875001
0.6512941384315492
0.6473725700378419
0.6565490400791169
0.6487451189756394
0.6591372752189637
0.6670588433742524
0.5022745296359062
0.5258039399981499
0.5807058975100517
0.61207844465971
0.5951764848828316
0.4500000029802323
0.6330196297168732
0.6369019824266434
0.5649804082512856
0.6551764911413194
0.6853725677728654
0.6605098241567612
0.48254904061555864
0.6198823755979539
0.7231372714042664
0.4525882381200791
0.6656862944364548
0.6748235487937928
0.6682745295763016
0.6787451171875001
0.6656470787525177
0.6957647240161896
0.6865098226070404
0.7048627626895905
0.6891764891147614
0.6956862926483155
0.669607862830162
0.6826666855812074
0.6591764909029008
0.6605490398406982
0.663098059296608
0.6448235505819321
0.32713726028800016
0.4865490403771401
0.5728235450387001
0.6251372772455216
0.6304313945770265
0.5165882542729378
0.5637255063652993
0.57925491720438
0.29949020311236385
0.6525882560014725
0.4577647182345391
0.5976862984895707
0.6002745336294174
0.6839608031511307
0.6435294330120087
0.45898039460182194
0.4603529435396195
0.6813725680112839
0.678705901503563
0.6290588456392289
0.6944706064462662
0.7101176643371583
0.7049019783735275
0.6787451171875001
0.7022745275497437
0.6591372752189637
0.6526274716854096
0.6747843331098556
0.6591372752189637
0.6748627644777299
0.6278039437532426
0.6265882575511933
0.3505490285158158
0.49184315770864495
0.4630588355660439
0.477372570335865
0.3623137336969376
0.1140000044181943
0.5977647200226783
0.663058843612671
0.27733334168791773
0.6813725680112839
0.6774509996175766
0.6734509998559952
0.4551372575759888
0.6578431576490402
0.6892157047986985
0.6735294312238693
0.6395686489343644
0.6774117839336395
0.5976862984895707
0.678705901503563
0.6931372731924057
0.669607862830162
0.6775294309854507
0.6761176663637162
0.6709019804000855
0.6669804120063781
0.6604313927888871
0.6604313927888871
0.699686292409897
0.6683137452602387
0.6670196276903153
0.6592549222707749
0.24737255915999412
0.4041568684577942
0.4238431417942048
0.5676862904429436
0.4159215736389161
0.5322353121638298
0.6721568822860718
0.6487059032917023
0.3989019668102265
0.5976470729708672
0.6958039397001267
0.27992157682776453
0.6788235485553742
0.6565098243951798
0.6656862944364548
0.6748627644777299
0.43168627858161923
0.6761176663637162
0.6709804117679596
0.6656862944364548
0.6918431556224824
0.6918039399385453
0.6526274716854096
0.6879215872287752
0.6748235487937928
0.669607862830162
0.663058843612671
0.6551764911413194
0.7323137414455414
0.6473725700378419
0.6813725680112839
0.6514117854833603
0.33101961791515355
0.2721568714082241
0.4957255104184151
0.4133333384990693
0.3936078494787217
0.3335294216871262
0.48266668766736986
0.45000001281499863
0.4014509862661362
0.4668235412240029
0.4369019743800163
0.22250981554389002
0.6225098264217377
0.7009804099798203
0.6146666896343231
0.6616862946748734
0.6761176663637162
0.6721960979700089
0.6735294312238693
0.6617647260427475
0.6826666855812074
0.6814117836952209
0.6918039399385453
0.6761568820476532
0.6801176661252977
0.6747843331098557
0.6696470785140992
0.6277255123853684
0.6578823733329773
0.690549038052559
0.6487451189756394
0.6540000206232071
0.20282353714108467
0.5493333503603935
0.5284313908219338
0.6160000228881837
0.6303921788930893
0.2171764725446701
0.4015294176340104
0.42380393594503407
0.4499215814471245
0.444784326851368
0.644784334897995
0.3467451022565365
0.6709019804000855
0.619960806965828
0.6591372752189637
0.6448235505819321
0.6669804120063783
0.6840000188350678
0.6774902153015137
0.6852941364049913
0.6813725680112839
0.6382353156805038
0.6787843328714371
0.663058843612671
0.6774509996175766
0.669568647146225
0.653921589255333
0.6656470787525177
0.6918431556224823
0.6303921788930893
0.6225882577896118
0.6161568856239319
0.3376862841844559
0.41211765229701997
0.26431373462080954
0.6187059050798417
0.550666683614254
0.354470596909523
0.425058827996254
0.6250980615615844
0.45392158120870596
0.36498040020465855
0.40423529982566836
0.5441176643967629
0.6512941384315492
0.644745119214058
0.6552157068252564
0.6657255101203919
0.6669804120063783
0.6683137452602387
0.6787451171875001
0.6787843328714371
0.6748627644777299
0.6827059012651444
0.6852941364049913
0.6735294312238693
0.6656862944364548
0.7127451151609421
0.6578431576490402
0.5584706047177315
0.6578823733329773
0.6748235487937928
0.6448235505819321
0.6344313943386078
0.2983921639621258
0.3401176565885544
0.3911764770746231
0.2655686365067959
0.5898823675513267
0.5153725680708885
0.623764728307724
0.6251764929294586
0.5611372712254524
0.3649804002046585
0.514000019133091
0.49176472634077073
0.5428627625107766
0.4525098165869713
0.6277647280693055
0.6434902173280717
0.6591764909029008
0.6748235487937928
0.6591372752189637
0.6670196276903153
0.6827059012651444
0.6774902153015137
0.6670196276903153
0.6500392365455628
0.644745119214058
0.6682745295763016
0.6774509996175766
0.6316862964630128
0.6278039437532426
0.6578431576490402
0.6434902173280717
0.6213725715875626
0.295803928822279
0.32050981462001804
0.3505882441997528
0.5009411963820458
0.5559215852618218
0.5373725667595863
0.6146666896343231
0.6002745336294175
0.48921570688486105
0.4198431420326233
0.4328627589344979
0.42768628865480424
0.34274510249495505
0.39239216327667237
0.6355686491727829
0.6512941384315492
0.6669804120063783
0.6330196297168732
0.6813725680112839
0.6957255083322526
0.6840000188350678
0.6591372752189637
0.6499608051776886
0.6500000208616257
0.6316862964630128
0.6590980595350265
0.6409019821882248
0.678705901503563
0.6656862944364548
0.6460784524679184
0.6317255121469498
0.6278431594371796
0.2970196150243283
0.39760784924030307
0.48788237363100057
0.4970588436722756
0.516705901324749
0.45654903203248987
0.5623529574275017
0.5363137432932854
0.5035294315218926
0.617294140458107
0.6185882580280304
0.6317255121469498
0.6001960924267769
0.5637255063652993
0.5780784466862678
0.5414509978890419
0.6381960999965668
0.6473333543539048
0.6800392347574236
0.6761568820476532
0.6892157047986984
0.6709411960840226
0.6918431556224823
0.610784336924553
0.6133725720643998
0.6434902173280717
0.6278039437532426
0.6618039417266846
0.651294138431549
0.6473725700378419
0.6225882577896118
0.6017255139350892
0.3871764773130417
0.46698040395975116
0.34011765658855436
0.34533334255218506
0.47223531574010846
0.5454117819666863
0.6147058954834939
0.6160000228881837
0.6238431596755982
0.6487451189756394
0.6290588456392289
0.6278039437532426
0.6055294254422188
0.619921591281891
0.619960806965828
0.5258039399981499
0.6107843270897866
0.5323921748995781
0.5258431556820871
0.6303529632091522
0.687921587228775
0.6708627647161485
0.6081568861007691
0.584627465903759
0.5310196259617805
0.5179215875267983
0.49701962798833854
0.5741568782925606
0.6160392385721207
0.6552157068252564
0.6029804158210755
0.5900000244379043
0.384627457857132
0.2055294144153595
0.39505882978439333
0.45776471823453907
0.5283921751379967
0.593803935945034
0.6016470727324487
0.5689411923289299
0.6107843270897866
0.5768235448002815
0.5832941326498985
0.584588250219822
0.5650196239352226
0.5258039399981499
0.5676078590750695
0.5559215852618218
0.5950588476657868
0.6133725720643998
0.6134117779135704
0.593843151628971
0.5859215834736824
0.4957255104184151
0.48921570688486105
0.434235298037529
0.372784321308136
0.3858823597431183
0.4329411804676056
0.4996470788121224
0.6147451210021972
0.6460392367839813
0.622666689157486
0.6540392363071442
0.3126666778326035
0.43819609194993975
0.47090198248624804
0.34145098984241484
0.5218431559205055
0.4473725619912148
0.5427843311429024
0.602941190302372
0.6003137394785881
0.6055686411261558
0.5558823695778847
0.49439217716455464
0.45392158120870596
0.4460392189025879
0.4630588355660439
0.516666685640812
0.5232549205422401
0.5545490363240242
0.5428235468268395
0.4682745215296745
0.42384314179420474
0.39894118249416355
0.3976470649242401
0.4029019665718079
0.4250980436801911
0.47219610005617146
0.46823530584573747
0.4905098244547844
0.5428235468268394
0.6042745333909989
0.6212941402196884
0.5153725680708885
0.19376471169292928
0.47878433495759964
0.40819608390331275
0.5363137432932854
0.5401960960030556
0.550666683614254
0.5624313887953759
0.5401960960030556
0.4277254945039749
0.5022745296359062
0.42643137693405153
0.41470588743686676
0.37678432106971743
0.41988235771656035
0.49968629449605945
0.5624313887953758
0.5702745255827903
0.5401960960030556
0.5022745296359062
0.3387451076507568
0.39376471221446996
0.3898039281368256
0.4120392209291458
0.4303529453277588
0.46564707070589073
0.43694118022918704
0.42117647528648383
0.42509804368019105
0.4839608052372933
0.5323529592156411
0.5742353096604348
0.1702745120972395
0.18450980905443432
0.42917648464441305
0.26345098711550236
0.40945098578929906
0.30882353588938716
0.4172941225767136
0.3519215774536133
0.363607851266861
0.38596079111099246
0.3767451053857803
0.38062745809555054
0.39113726139068605
0.41729412257671356
0.47223531574010846
0.4722353157401085
0.4931372752785683
0.4840000209212303
0.4670196297764778
0.43172549426555634
0.4578823652863503
0.43039216101169586
0.39768628060817723
0.36494118452072144
0.4068627506494522
0.39776471197605134
0.3858823597431183
0.3780392229557038
0.409411770105362
0.43690196454525
0.44870588541030887
0.4185490244626999
0.1414902000874281
0.18047059360891582
0.15996078537777067
0.23164706744253638
0.14129412043839695
0.25772549971938136
0.3898431438207627
0.3806666737794876
0.3636862826347351
0.3298039317131043
0.34533334255218506
0.3715294194221497
0.41203922092914586
0.38854902625083926
0.4081568682193756
0.39117647707462316
0.3689411842823029
0.384627457857132
0.44478432685136793
0.4774902173876763
0.4395686408877373
0.44741176784038544
0.4134117698669434
0.3545098125934601
0.29831373751163487
0.30878432512283327
0.33356863737106324
0.3937254965305329
0.42909804344177244
0.44870588541030887
0.40972549557685856
0.11992157023400069
0.11925490729510785
