0.0117647061124444
0.007843137718737125
0.0313725508749485
0.0235294122248888
0.019607843831181526
0.05490196123719216
0.019607843831181526
0.003921568859368563
0.05882352963089943
0.0
0.04313725605607033
0.0
0.02745098061859608
0.0117647061124444
0.05882352963089943
0.0
0.0
0.0
0.0
0.0
0.0
0.0
0.0
0.0
0.0
0.0
0.0
0.0
0.007843137718737125
0.03529411926865578
0.01568627543747425
0.0
0.06666667014360428
0.07058823853731155
0.0784313753247261
0.07058823853731155
0.06666667014360428
0.08235294371843338
0.07450980693101883
0.07058823853731155
0.0784313753247261
0.08235294371843338
0.08235294371843338
0.09019608050584793
0.09019608050584793
0.0941176488995552
0.10588235408067703
0.10588235408067703
0.11372549086809158
0.11764705926179886
0.10980392247438432
0.10980392247438432
0.11372549086809158
0.0980392172932625
0.10980392247438432
0.125490203499794
0.11764705926179886
0.12941177189350128
0.13333334028720856
0.12941177189350128
0.12156862765550613
0.11372549086809158
0.10588235408067703
0.10588235408067703
0.08235294371843338
0.07450980693101883
0.0941176488995552
0.07450980693101883
0.07450980693101883
0.07058823853731155
0.08235294371843338
0.07058823853731155
0.08627451211214066
0.0784313753247261
0.08627451211214066
0.09019608050584793
0.0941176488995552
0.0941176488995552
0.0980392172932625
0.10980392247438432
0.10196078568696978
0.12156862765550613
0.10588235408067703
0.10980392247438432
0.10196078568696978
0.11372549086809158
0.10588235408067703
0.125490203499794
0.13333334028720856
0.125490203499794
0.12941177189350128
0.1411764770746231
0.13333334028720856
0.12156862765550613
0.10196078568696978
0.10980392247438432
0.05490196123719216
0.06666667014360428
0.07450980693101883
0.08235294371843338
0.07450980693101883
0.0784313753247261
0.0784313753247261
0.08235294371843338
0.09019608050584793
0.08627451211214066
0.08627451211214066
0.09019608050584793
0.0941176488995552
0.10196078568696978
0.10196078568696978
0.10588235408067703
0.10588235408067703
0.10588235408067703
0.11372549086809158
0.11372549086809158
0.0980392172932625
0.12156862765550613
0.10588235408067703
0.10588235408067703
0.11764705926179886
0.12941177189350128
0.125490203499794
0.13725490868091583
0.12941177189350128
0.12156862765550613
0.125490203499794
0.10980392247438432
0.06666667014360428
0.062745101749897
0.0784313753247261
0.0784313753247261
0.0784313753247261
0.0784313753247261
0.08235294371843338
0.08627451211214066
0.08235294371843338
0.08627451211214066
0.0784313753247261
0.09019608050584793
0.0980392172932625
0.0980392172932625
0.10196078568696978
0.10196078568696978
0.0941176488995552
0.10588235408067703
0.08627451211214066
0.0941176488995552
0.0980392172932625
0.0941176488995552
0.10196078568696978
0.10980392247438432
0.11764705926179886
0.12156862765550613
0.11764705926179886
0.13333334028720856
0.13725490868091583
0.12941177189350128
0.12156862765550613
0.10980392247438432
0.07450980693101883
0.09019608050584793
0.08627451211214066
0.06666667014360428
0.08235294371843338
0.10980392247438432
0.0784313753247261
0.08235294371843338
0.15294118225574493
0.0941176488995552
0.0941176488995552
0.09019608050584793
0.0941176488995552
0.0980392172932625
0.10196078568696978
0.11764705926179886
0.0941176488995552
0.10196078568696978
0.10196078568696978
0.0941176488995552
0.10980392247438432
0.09019608050584793
0.10588235408067703
0.0980392172932625
0.10980392247438432
0.11372549086809158
0.12156862765550613
0.13333334028720856
0.11764705926179886
0.12156862765550613
0.11764705926179886
0.10980392247438432
0.07450980693101883
0.07450980693101883
0.08627451211214066
0.05882352963089943
0.07058823853731155
0.0784313753247261
0.09019608050584793
0.08627451211214066
0.08627451211214066
0.08235294371843338
0.09019608050584793
0.09019608050584793
0.0980392172932625
0.0941176488995552
0.10196078568696978
0.10196078568696978
0.0941176488995552
0.0941176488995552
0.0980392172932625
0.0941176488995552
0.08235294371843338
0.0941176488995552
0.0980392172932625
0.09019608050584793
0.10588235408067703
0.10588235408067703
0.11764705926179886
0.125490203499794
0.11764705926179886
0.12156862765550613
0.11372549086809158
0.12941177189350128
0.07450980693101883
0.0941176488995552
0.0784313753247261
0.07058823853731155
0.0784313753247261
0.0941176488995552
0.0941176488995552
0.10588235408067703
0.09019608050584793
0.0941176488995552
0.0941176488995552
0.08627451211214066
0.09019608050584793
0.0941176488995552
0.0980392172932625
0.0941176488995552
0.0980392172932625
0.10196078568696978
0.10980392247438432
0.09019608050584793
0.09019608050584793
0.09019608050584793
0.09019608050584793
0.09019608050584793
0.09019608050584793
0.0941176488995552
0.10588235408067703
0.12156862765550613
0.11372549086809158
0.13333334028720856
0.12156862765550613
0.11372549086809158
0.0980392172932625
0.09019608050584793
0.0784313753247261
0.09019608050584793
0.09019608050584793
0.0980392172932625
0.09019608050584793
0.0941176488995552
0.09019608050584793
0.0941176488995552
0.09019608050584793
0.09019608050584793
0.08235294371843338
0.09019608050584793
0.09019608050584793
0.20000000298023224
0.09019608050584793
0.0941176488995552
0.0941176488995552
0.10196078568696978
0.08235294371843338
0.08235294371843338
0.0784313753247261
0.08627451211214066
0.08627451211214066
0.08627451211214066
0.09019608050584793
0.10588235408067703
0.0941176488995552
0.12941177189350128
0.10588235408067703
0.0941176488995552
0.09019608050584793
0.12156862765550613
0.0941176488995552
0.08627451211214066
0.11764705926179886
0.10588235408067703
0.11372549086809158
0.14901961386203766
0.10196078568696978
0.0980392172932625
0.10196078568696978
0.0941176488995552
0.09019608050584793
0.0941176488995552
0.0980392172932625
0.0980392172932625
0.08627451211214066
0.10588235408067703
0.09019608050584793
0.1764705926179886
0.08627451211214066
0.07450980693101883
0.09019608050584793
0.08627451211214066
0.09019608050584793
0.08627451211214066
0.08235294371843338
0.09019608050584793
0.0980392172932625
0.10196078568696978
0.10588235408067703
0.10196078568696978
0.09019608050584793
0.11372549086809158
0.08235294371843338
0.10588235408067703
0.125490203499794
0.11764705926179886
0.14901961386203766
0.13725490868091583
0.09019608050584793
0.0980392172932625
0.0941176488995552
0.09019608050584793
0.09019608050584793
0.0980392172932625
0.10588235408067703
0.20392157137393957
0.1568627506494522
0.11764705926179886
0.0980392172932625
0.0941176488995552
0.08627451211214066
0.0784313753247261
0.0784313753247261
0.0941176488995552
0.09019608050584793
0.07450980693101883
0.0784313753247261
0.0941176488995552
0.08627451211214066
0.10588235408067703
0.0980392172932625
0.10196078568696978
0.15294118225574493
0.12941177189350128
0.09019608050584793
0.125490203499794
0.13725490868091583
0.16078431904315948
0.1764705926179886
0.12156862765550613
0.14901961386203766
0.0941176488995552
0.0980392172932625
0.0980392172932625
0.0980392172932625
0.0980392172932625
0.11372549086809158
0.20392157137393957
0.22745098173618317
0.2078431397676468
0.196078434586525
0.11372549086809158
0.08627451211214066
0.0784313753247261
0.0784313753247261
0.0784313753247261
0.0784313753247261
0.07450980693101883
0.07450980693101883
0.08235294371843338
0.08235294371843338
0.0980392172932625
0.0980392172932625
0.10196078568696978
0.15294118225574493
0.16862745583057404
0.14509804546833038
0.14509804546833038
0.16078431904315948
0.1882352977991104
0.1725490242242813
0.14509804546833038
0.13725490868091583
0.1568627506494522
0.10588235408067703
0.10980392247438432
0.12941177189350128
0.10588235408067703
0.15294118225574493
0.18039216101169586
0.1882352977991104
0.2078431397676468
0.20000000298023224
0.11764705926179886
0.0784313753247261
0.08627451211214066
0.07058823853731155
0.07450980693101883
0.07450980693101883
0.07058823853731155
0.07058823853731155
0.07450980693101883
0.07450980693101883
0.08627451211214066
0.0980392172932625
0.0941176488995552
0.16470588743686676
0.18431372940540316
0.196078434586525
0.18039216101169586
0.20000000298023224
0.22745098173618317
0.20000000298023224
0.1725490242242813
0.1725490242242813
0.12156862765550613
0.14509804546833038
0.13725490868091583
0.13725490868091583
0.16862745583057404
0.2549019753932953
0.3450980484485626
0.3019607961177826
0.26274511218070984
0.20000000298023224
0.20392157137393957
0.239215686917305
0.0941176488995552
0.07450980693101883
0.07450980693101883
0.07450980693101883
0.06666667014360428
0.06666667014360428
0.062745101749897
0.0784313753247261
0.08627451211214066
0.09019608050584793
0.09019608050584793
0.1882352977991104
0.20392157137393957
0.18431372940540316
0.21176470816135406
0.26274511218070984
0.23529411852359772
0.239215686917305
0.27058824896812445
0.24313725531101227
0.1725490242242813
0.29411765933036804
0.14901961386203766
0.18039216101169586
0.2078431397676468
0.37254902720451355
0.2980392277240753
0.33333334326744085
0.2823529541492462
0.239215686917305
0.21568627655506134
0.15294118225574493
0.125490203499794
0.125490203499794
0.08627451211214066
0.0941176488995552
0.08235294371843338
0.06666667014360428
0.07450980693101883
0.08627451211214066
0.09019608050584793
0.07058823853731155
0.0784313753247261
0.16862745583057404
0.1568627506494522
0.27450981736183167
0.3019607961177826
0.24313725531101227
0.250980406999588
0.38823530077934265
0.29411765933036804
0.3176470696926117
0.2980392277240753
0.38823530077934265
0.22745098173618317
0.23529411852359772
0.30588236451148987
0.2862745225429535
0.3137255012989044
0.5176470875740051
0.30588236451148987
0.3019607961177826
0.32549020648002625
0.18039216101169586
0.14901961386203766
0.1568627506494522
0.24705882370471954
0.0980392172932625
0.09019608050584793
0.10980392247438432
0.10980392247438432
0.08235294371843338
0.0941176488995552
0.06666667014360428
0.07058823853731155
0.2823529541492462
0.25882354378700256
0.2823529541492462
0.3019607961177826
0.27843138575553894
0.4117647111415863
0.3803921639919281
0.3137255012989044
0.35686275362968445
0.364705890417099
0.2862745225429535
0.3607843220233917
0.26274511218070984
0.3176470696926117
0.33725491166114807
0.34117648005485535
0.3176470696926117
0.30980393290519714
0.29411765933036804
0.22745098173618317
0.22352941334247592
0.13725490868091583
0.1764705926179886
0.29411765933036804
0.10588235408067703
0.09019608050584793
0.10980392247438432
0.11764705926179886
0.10588235408067703
0.0980392172932625
0.07058823853731155
0.07450980693101883
0.3294117748737335
0.3137255012989044
0.3803921639919281
0.32156863808631897
0.38823530077934265
0.42352941632270813
0.36862745881080633
0.3843137323856354
0.35686275362968445
0.45098039507865906
0.47058823704719543
0.5333333611488342
0.3803921639919281
0.364705890417099
0.6274510025978088
0.3450980484485626
0.29019609093666077
0.30588236451148987
0.1725490242242813
0.16078431904315948
0.1411764770746231
0.15294118225574493
0.16470588743686676
0.3294117748737335
0.15294118225574493
0.09019608050584793
0.11372549086809158
0.0941176488995552
0.10980392247438432
0.125490203499794
0.0784313753247261
0.08627451211214066
0.4000000059604645
0.37254902720451355
0.36862745881080633
0.3764705955982208
0.48235294222831726
0.33725491166114807
0.3764705955982208
0.4196078479290009
0.4196078479290009
0.6549019813537598
0.48235294222831726
0.6549019813537598
0.545098066329956
0.48627451062202454
0.4627451002597809
0.3490196168422699
0.35686275362968445
0.364705890417099
0.33725491166114807
0.29411765933036804
0.34117648005485535
0.23529411852359772
0.1411764770746231
0.1921568661928177
0.250980406999588
0.10588235408067703
0.0941176488995552
0.0941176488995552
0.09019608050584793
0.0784313753247261
0.07450980693101883
0.08235294371843338
0.3490196168422699
0.4039215743541718
0.4000000059604645
0.3960784375667572
0.42352941632270813
0.3843137323856354
0.42352941632270813
0.4392156898975373
0.4431372582912445
0.6000000238418579
0.5921568870544434
0.4627451002597809
0.4941176474094391
0.6745098233222961
0.47450980544090277
0.4941176474094391
0.5058823823928833
0.3176470696926117
0.37254902720451355
0.33725491166114807
0.30588236451148987
0.26274511218070984
0.18431372940540316
0.16078431904315948
0.2862745225429535
0.125490203499794
0.11372549086809158
0.0784313753247261
0.13725490868091583
0.0784313753247261
0.08627451211214066
0.08235294371843338
0.4156862795352936
0.40784314274787914
0.4313725531101227
0.3960784375667572
0.42352941632270813
0.4000000059604645
0.48235294222831726
0.45490196347236633
0.44705882668495184
0.5176470875740051
0.529411792755127
0.5686274766921998
0.5098039507865906
0.5843137502670288
0.5215686559677124
0.5098039507865906
0.47058823704719543
0.5176470875740051
0.4313725531101227
0.3019607961177826
0.3607843220233917
0.3803921639919281
0.26274511218070984
0.27843138575553894
0.22352941334247592
0.14901961386203766
0.12156862765550613
0.0980392172932625
0.08235294371843338
0.08627451211214066
0.06666667014360428
0.062745101749897
0.5098039507865906
0.40784314274787914
0.4196078479290009
0.4941176474094391
0.49019607901573187
0.5098039507865906
0.5058823823928833
0.5843137502670288
0.6196078658103943
0.6000000238418579
0.7254902124404907
0.8235294222831726
0.615686297416687
0.44705882668495184
0.5372549295425415
0.5607843399047852
0.5568627715110779
0.5215686559677124
0.47450980544090277
0.46666666865348816
0.4117647111415863
0.47450980544090277
0.3019607961177826
0.33725491166114807
0.23529411852359772
0.22352941334247592
0.14509804546833038
0.10980392247438432
0.10196078568696978
0.10196078568696978
0.08235294371843338
0.07058823853731155
0.47058823704719543
0.45098039507865906
0.46666666865348816
0.5803921818733215
0.5333333611488342
0.5764706134796143
0.6509804129600525
0.6235294342041016
0.572549045085907
0.47450980544090277
0.6431372761726379
0.6470588445663452
0.5372549295425415
0.615686297416687
0.4941176474094391
0.6117647290229797
0.5176470875740051
0.5647059082984924
0.4941176474094391
0.47058823704719543
0.4392156898975373
0.49019607901573187
0.3607843220233917
0.3529411852359772
0.23529411852359772
0.1725490242242813
0.1568627506494522
0.13333334028720856
0.125490203499794
0.08235294371843338
0.0941176488995552
0.09019608050584793
0.4588235318660736
0.5098039507865906
0.501960813999176
0.5098039507865906
0.545098066329956
0.6549019813537598
0.6509804129600525
0.6313725709915161
0.6666666865348817
0.615686297416687
0.615686297416687
0.800000011920929
0.6039215922355652
0.6313725709915161
0.5686274766921998
0.5254902243614197
0.45098039507865906
0.5254902243614197
0.47450980544090277
0.47450980544090277
0.47058823704719543
0.4196078479290009
0.40784314274787914
0.3529411852359772
0.3019607961177826
0.3019607961177826
0.21568627655506134
0.21568627655506134
0.16470588743686676
0.1411764770746231
0.10196078568696978
0.0941176488995552
0.45098039507865906
0.44705882668495184
0.4941176474094391
0.501960813999176
0.5490196347236633
0.5764706134796143
0.5960784554481506
0.7647058963775635
0.658823549747467
0.6784313917160034
0.6549019813537598
0.7098039388656617
0.6745098233222961
0.6549019813537598
0.5843137502670288
0.6000000238418579
0.5333333611488342
0.4313725531101227
0.48235294222831726
0.45490196347236633
0.47843137383461
0.4588235318660736
0.4156862795352936
0.3960784375667572
0.35686275362968445
0.3450980484485626
0.29411765933036804
0.2666666805744171
0.21568627655506134
0.0980392172932625
0.11764705926179886
0.10588235408067703
0.5137255191802979
0.545098066329956
0.5372549295425415
0.5372549295425415
0.6078431606292725
0.5921568870544434
0.615686297416687
0.686274528503418
0.6823529601097107
0.6823529601097107
0.6352941393852234
0.686274528503418
0.6901960968971252
0.6823529601097107
0.6117647290229797
0.6078431606292725
0.5098039507865906
0.5607843399047852
0.48627451062202454
0.5137255191802979
0.5058823823928833
0.46666666865348816
0.43529412150382996
0.47450980544090277
0.42352941632270813
0.364705890417099
0.3294117748737335
0.29411765933036804
0.27843138575553894
0.26274511218070984
0.21568627655506134
0.11764705926179886
0.501960813999176
0.5215686559677124
0.5529412031173706
0.49803921580314636
0.5764706134796143
0.5372549295425415
0.6196078658103943
0.7058823704719543
0.6980392336845398
0.7254902124404907
0.6745098233222961
0.6745098233222961
0.6941176652908325
0.7098039388656617
0.6980392336845398
0.6509804129600525
0.5960784554481506
0.5568627715110779
0.4627451002597809
0.37254902720451355
0.4039215743541718
0.4156862795352936
0.4313725531101227
0.47450980544090277
0.4196078479290009
0.40784314274787914
0.3607843220233917
0.30980393290519714
0.26274511218070984
0.2823529541492462
0.24313725531101227
0.21176470816135406
0.5058823823928833
0.5647059082984924
0.529411792755127
0.5411764979362489
0.5764706134796143
0.5333333611488342
0.5411764979362489
0.6039215922355652
0.48235294222831726
0.6392157077789308
0.6784313917160034
0.7019608020782471
0.686274528503418
0.686274528503418
0.658823549747467
0.6745098233222961
0.7137255072593689
0.572549045085907
0.5215686559677124
0.5411764979362489
0.49019607901573187
0.47450980544090277
0.4588235318660736
0.42352941632270813
0.3843137323856354
0.23529411852359772
0.39215686917305
0.5098039507865906
0.3529411852359772
0.33725491166114807
0.33725491166114807
0.21176470816135406
0.5686274766921998
0.501960813999176
0.6196078658103943
0.658823549747467
0.6470588445663452
0.545098066329956
0.5686274766921998
0.6941176652908325
0.615686297416687
0.6352941393852234
0.6823529601097107
0.6274510025978088
0.6196078658103943
0.6352941393852234
0.6509804129600525
0.6000000238418579
0.615686297416687
0.545098066329956
0.46666666865348816
0.572549045085907
0.49803921580314636
0.5137255191802979
0.49803921580314636
0.49019607901573187
0.4313725531101227
0.27450981736183167
0.250980406999588
0.196078434586525
0.23529411852359772
0.33333334326744085
0.2823529541492462
0.20000000298023224
0.6666666865348817
0.7254902124404907
0.6431372761726379
0.545098066329956
0.529411792755127
0.5490196347236633
0.4588235318660736
0.5803921818733215
0.5647059082984924
0.5215686559677124
0.49019607901573187
0.5921568870544434
0.45098039507865906
0.572549045085907
0.5647059082984924
0.5764706134796143
0.5764706134796143
0.5058823823928833
0.5137255191802979
0.5215686559677124
0.4941176474094391
0.39215686917305
0.48627451062202454
0.5215686559677124
0.47058823704719543
0.48627451062202454
0.38823530077934265
0.3176470696926117
0.34117648005485535
0.2823529541492462
0.21960784494876864
0.14509804546833038
0.45490196347236633
0.5411764979362489
0.615686297416687
0.5843137502670288
0.5333333611488342
0.529411792755127
0.5254902243614197
0.47058823704719543
0.501960813999176
0.4941176474094391
0.5764706134796143
0.4627451002597809
0.5764706134796143
0.5529412031173706
0.5176470875740051
0.4627451002597809
0.49803921580314636
0.4392156898975373
0.4117647111415863
0.47450980544090277
0.43529412150382996
0.47450980544090277
0.4431372582912445
0.46666666865348816
0.4588235318660736
0.43529412150382996
0.4039215743541718
0.4039215743541718
0.35686275362968445
0.35686275362968445
0.3176470696926117
0.22745098173618317
0.32549020648002625
0.501960813999176
0.4627451002597809
0.5333333611488342
0.5490196347236633
0.38823530077934265
0.40784314274787914
0.45490196347236633
0.46666666865348816
0.45490196347236633
0.47843137383461
0.49019607901573187
0.5333333611488342
0.6352941393852234
0.40784314274787914
0.3294117748737335
0.36862745881080633
0.4392156898975373
0.3960784375667572
0.4274509847164154
0.3450980484485626
0.33333334326744085
0.4196078479290009
0.4156862795352936
0.3803921639919281
0.3803921639919281
0.3803921639919281
0.40784314274787914
0.32549020648002625
0.2879215812683106
0.17196078896522524
0.21309804141521455
