0.0117647061124444
0.007843137718737125
0.0117647061124444
0.007843137718737125
0.007843137718737125
0.01568627543747425
0.03529411926865578
0.0235294122248888
0.07450980693101883
0.003921568859368563
0.03529411926865578
0.0
0.02745098061859608
0.05490196123719216
0.07058823853731155
0.0
0.0
0.0
0.0
0.0
0.0
0.0
0.0
0.0
0.0
0.0
0.0
0.003921568859368563
0.0117647061124444
0.019607843831181526
0.0117647061124444
0.0
0.125490203499794
0.18431372940540316
0.21568627655506134
0.12941177189350128
0.16470588743686676
0.20392157137393957
0.29019609093666077
0.27843138575553894
0.21176470816135406
0.2862745225429535
0.2980392277240753
0.32156863808631897
0.2549019753932953
0.24705882370471954
0.32156863808631897
0.239215686917305
0.2549019753932953
0.3450980484485626
0.29411765933036804
0.3490196168422699
0.3294117748737335
0.250980406999588
0.24705882370471954
0.239215686917305
0.24313725531101227
0.20392157137393957
0.22352941334247592
0.4313725531101227
0.3490196168422699
0.2823529541492462
0.1921568661928177
0.16470588743686676
0.14509804546833038
0.1568627506494522
0.1921568661928177
0.20392157137393957
0.15294118225574493
0.20392157137393957
0.27843138575553894
0.29019609093666077
0.239215686917305
0.27058824896812445
0.30588236451148987
0.2823529541492462
0.2666666805744171
0.2980392277240753
0.35686275362968445
0.3607843220233917
0.24313725531101227
0.3137255012989044
0.30588236451148987
0.30980393290519714
0.250980406999588
0.26274511218070984
0.32156863808631897
0.27450981736183167
0.2549019753932953
0.2549019753932953
0.2862745225429535
0.3529411852359772
0.3490196168422699
0.3529411852359772
0.18431372940540316
0.18431372940540316
0.16078431904315948
0.16862745583057404
0.1882352977991104
0.2078431397676468
0.16470588743686676
0.21960784494876864
0.23529411852359772
0.21960784494876864
0.23529411852359772
0.24705882370471954
0.29019609093666077
0.33725491166114807
0.2666666805744171
0.3019607961177826
0.3529411852359772
0.30588236451148987
0.2549019753932953
0.30980393290519714
0.3019607961177826
0.22745098173618317
0.3019607961177826
0.26274511218070984
0.2549019753932953
0.2862745225429535
0.23529411852359772
0.20392157137393957
0.29411765933036804
0.34117648005485535
0.3529411852359772
0.3529411852359772
0.18431372940540316
0.3294117748737335
0.16862745583057404
0.1725490242242813
0.2549019753932953
0.20000000298023224
0.21176470816135406
0.21960784494876864
0.20000000298023224
0.20000000298023224
0.20392157137393957
0.27450981736183167
0.3137255012989044
0.3960784375667572
0.2862745225429535
0.3450980484485626
0.3450980484485626
0.30588236451148987
0.32156863808631897
0.32549020648002625
0.2980392277240753
0.23529411852359772
0.30980393290519714
0.3019607961177826
0.23529411852359772
0.250980406999588
0.24705882370471954
0.239215686917305
0.47843137383461
0.3764705955982208
0.364705890417099
0.36862745881080633
0.3843137323856354
0.3019607961177826
0.1568627506494522
0.18039216101169586
0.20000000298023224
0.1764705926179886
0.1725490242242813
0.23529411852359772
0.24313725531101227
0.239215686917305
0.24705882370471954
0.2549019753932953
0.26274511218070984
0.4000000059604645
0.3529411852359772
0.3294117748737335
0.30588236451148987
0.3019607961177826
0.33333334326744085
0.2862745225429535
0.3176470696926117
0.2862745225429535
0.30980393290519714
0.21176470816135406
0.21568627655506134
0.21176470816135406
0.2549019753932953
0.18039216101169586
0.4274509847164154
0.35686275362968445
0.3960784375667572
0.38823530077934265
0.27843138575553894
0.27843138575553894
0.18431372940540316
0.22745098173618317
0.20392157137393957
0.14901961386203766
0.22745098173618317
0.2549019753932953
0.25882354378700256
0.21960784494876864
0.29019609093666077
0.27450981736183167
0.2980392277240753
0.32549020648002625
0.1921568661928177
0.2823529541492462
0.3137255012989044
0.27450981736183167
0.37254902720451355
0.3294117748737335
0.34117648005485535
0.3137255012989044
0.34117648005485535
0.30980393290519714
0.27843138575553894
0.29411765933036804
0.2823529541492462
0.30588236451148987
0.4196078479290009
0.43529412150382996
0.3764705955982208
0.36862745881080633
0.29019609093666077
0.2666666805744171
0.16470588743686676
0.21176470816135406
0.16470588743686676
0.21176470816135406
0.23137255012989044
0.26274511218070984
0.3019607961177826
0.27450981736183167
0.2862745225429535
0.2862745225429535
0.3450980484485626
0.39215686917305
0.22745098173618317
0.364705890417099
0.32549020648002625
0.3843137323856354
0.32156863808631897
0.34117648005485535
0.25882354378700256
0.364705890417099
0.32156863808631897
0.3490196168422699
0.29411765933036804
0.27843138575553894
0.21176470816135406
0.29019609093666077
0.44705882668495184
0.34117648005485535
0.34117648005485535
0.32549020648002625
0.34117648005485535
0.30980393290519714
0.23529411852359772
0.21176470816135406
0.21568627655506134
0.29019609093666077
0.24313725531101227
0.250980406999588
0.30588236451148987
0.2823529541492462
0.3294117748737335
0.2862745225429535
0.3843137323856354
0.29411765933036804
0.3490196168422699
0.32156863808631897
0.35686275362968445
0.32549020648002625
0.3607843220233917
0.37254902720451355
0.32549020648002625
0.33333334326744085
0.3764705955982208
0.33725491166114807
0.34117648005485535
0.35686275362968445
0.36862745881080633
0.30980393290519714
0.32156863808631897
0.21568627655506134
0.3607843220233917
0.32156863808631897
0.3529411852359772
0.30980393290519714
0.18039216101169586
0.24705882370471954
0.22745098173618317
0.24705882370471954
0.27843138575553894
0.27450981736183167
0.30588236451148987
0.32156863808631897
0.34117648005485535
0.2862745225429535
0.3764705955982208
0.3490196168422699
0.3490196168422699
0.3490196168422699
0.40784314274787914
0.3294117748737335
0.36862745881080633
0.40784314274787914
0.4196078479290009
0.3843137323856354
0.3803921639919281
0.37254902720451355
0.34117648005485535
0.33725491166114807
0.37254902720451355
0.35686275362968445
0.33333334326744085
0.3450980484485626
0.3607843220233917
0.38823530077934265
0.32156863808631897
0.3019607961177826
0.18431372940540316
0.22745098173618317
0.24313725531101227
0.239215686917305
0.22745098173618317
0.35686275362968445
0.33333334326744085
0.3176470696926117
0.35686275362968445
0.36862745881080633
0.3803921639919281
0.3764705955982208
0.3843137323856354
0.4117647111415863
0.3764705955982208
0.40784314274787914
0.4392156898975373
0.39215686917305
0.3960784375667572
0.35686275362968445
0.4000000059604645
0.39215686917305
0.3803921639919281
0.3960784375667572
0.3607843220233917
0.33725491166114807
0.35686275362968445
0.45098039507865906
0.4392156898975373
0.3450980484485626
0.3490196168422699
0.3450980484485626
0.24705882370471954
0.250980406999588
0.250980406999588
0.24313725531101227
0.30588236451148987
0.29019609093666077
0.30588236451148987
0.36862745881080633
0.3490196168422699
0.3960784375667572
0.3529411852359772
0.4196078479290009
0.3803921639919281
0.3764705955982208
0.3843137323856354
0.4156862795352936
0.3960784375667572
0.38823530077934265
0.4117647111415863
0.40784314274787914
0.3960784375667572
0.3843137323856354
0.38823530077934265
0.27843138575553894
0.30588236451148987
0.35686275362968445
0.35686275362968445
0.3294117748737335
0.3450980484485626
0.33333334326744085
0.32549020648002625
0.33725491166114807
0.2078431397676468
0.239215686917305
0.250980406999588
0.2823529541492462
0.2823529541492462
0.35686275362968445
0.3529411852359772
0.3607843220233917
0.42352941632270813
0.43529412150382996
0.4000000059604645
0.3803921639919281
0.4117647111415863
0.4000000059604645
0.40784314274787914
0.4588235318660736
0.3960784375667572
0.4000000059604645
0.3960784375667572
0.40784314274787914
0.4000000059604645
0.3764705955982208
0.364705890417099
0.2549019753932953
0.35686275362968445
0.36862745881080633
0.3764705955982208
0.34117648005485535
0.364705890417099
0.36862745881080633
0.3176470696926117
0.3490196168422699
0.21568627655506134
0.21568627655506134
0.26274511218070984
0.29411765933036804
0.27843138575553894
0.30588236451148987
0.3529411852359772
0.3450980484485626
0.3450980484485626
0.38823530077934265
0.3803921639919281
0.3803921639919281
0.4039215743541718
0.4274509847164154
0.4313725531101227
0.40784314274787914
0.4156862795352936
0.43529412150382996
0.4196078479290009
0.4039215743541718
0.4156862795352936
0.4000000059604645
0.3764705955982208
0.38823530077934265
0.38823530077934265
0.3490196168422699
0.3490196168422699
0.35686275362968445
0.36862745881080633
0.36862745881080633
0.3294117748737335
0.32156863808631897
0.23137255012989044
0.23529411852359772
0.3490196168422699
0.2823529541492462
0.3450980484485626
0.34117648005485535
0.3490196168422699
0.3529411852359772
0.3607843220233917
0.4039215743541718
0.4000000059604645
0.4117647111415863
0.4196078479290009
0.42352941632270813
0.4313725531101227
0.4313725531101227
0.4313725531101227
0.4274509847164154
0.4313725531101227
0.4117647111415863
0.4196078479290009
0.4117647111415863
0.4000000059604645
0.4039215743541718
0.3843137323856354
0.34117648005485535
0.364705890417099
0.35686275362968445
0.3490196168422699
0.3490196168422699
0.32549020648002625
0.3450980484485626
0.22352941334247592
0.3137255012989044
0.30980393290519714
0.2862745225429535
0.33333334326744085
0.364705890417099
0.3450980484485626
0.34117648005485535
0.40784314274787914
0.4039215743541718
0.42352941632270813
0.43529412150382996
0.43529412150382996
0.4274509847164154
0.43529412150382996
0.4431372582912445
0.4431372582912445
0.4392156898975373
0.4196078479290009
0.4156862795352936
0.4117647111415863
0.4196078479290009
0.38823530077934265
0.4000000059604645
0.3843137323856354
0.37254902720451355
0.364705890417099
0.35686275362968445
0.3490196168422699
0.3490196168422699
0.33725491166114807
0.32549020648002625
0.27450981736183167
0.30588236451148987
0.3137255012989044
0.32549020648002625
0.3490196168422699
0.3803921639919281
0.3843137323856354
0.4039215743541718
0.40784314274787914
0.4039215743541718
0.40784314274787914
0.43529412150382996
0.4431372582912445
0.4313725531101227
0.42352941632270813
0.4313725531101227
0.45098039507865906
0.4392156898975373
0.4392156898975373
0.4196078479290009
0.42352941632270813
0.4156862795352936
0.4117647111415863
0.3843137323856354
0.37254902720451355
0.364705890417099
0.3607843220233917
0.3529411852359772
0.3529411852359772
0.3450980484485626
0.34117648005485535
0.2980392277240753
0.2823529541492462
0.32549020648002625
0.32549020648002625
0.3294117748737335
0.34117648005485535
0.3803921639919281
0.37254902720451355
0.40784314274787914
0.40784314274787914
0.40784314274787914
0.42352941632270813
0.4392156898975373
0.44705882668495184
0.44705882668495184
0.44705882668495184
0.4431372582912445
0.4274509847164154
0.4274509847164154
0.4392156898975373
0.43529412150382996
0.4196078479290009
0.4196078479290009
0.4039215743541718
0.39215686917305
0.39215686917305
0.364705890417099
0.3529411852359772
0.3294117748737335
0.30980393290519714
0.36862745881080633
0.34117648005485535
0.30588236451148987
0.3176470696926117
0.3294117748737335
0.32549020648002625
0.3490196168422699
0.3607843220233917
0.3764705955982208
0.39215686917305
0.3960784375667572
0.4039215743541718
0.4313725531101227
0.4313725531101227
0.45490196347236633
0.4588235318660736
0.44705882668495184
0.4431372582912445
0.45098039507865906
0.45490196347236633
0.45098039507865906
0.43529412150382996
0.4274509847164154
0.4392156898975373
0.40784314274787914
0.38823530077934265
0.36862745881080633
0.3843137323856354
0.30980393290519714
0.3803921639919281
0.3764705955982208
0.3607843220233917
0.364705890417099
0.3529411852359772
0.32549020648002625
0.29019609093666077
0.33333334326744085
0.33725491166114807
0.3450980484485626
0.36862745881080633
0.3803921639919281
0.4000000059604645
0.4156862795352936
0.4156862795352936
0.4196078479290009
0.45098039507865906
0.4392156898975373
0.4588235318660736
0.4588235318660736
0.4627451002597809
0.45490196347236633
0.4627451002597809
0.45098039507865906
0.4392156898975373
0.40784314274787914
0.36862745881080633
0.4117647111415863
0.38823530077934265
0.3764705955982208
0.3960784375667572
0.364705890417099
0.3843137323856354
0.35686275362968445
0.37254902720451355
0.36862745881080633
0.32549020648002625
0.3176470696926117
0.32549020648002625
0.33725491166114807
0.3294117748737335
0.33333334326744085
0.3607843220233917
0.3764705955982208
0.4000000059604645
0.4000000059604645
0.4392156898975373
0.42352941632270813
0.43529412150382996
0.45098039507865906
0.4588235318660736
0.4588235318660736
0.45490196347236633
0.45098039507865906
0.45098039507865906
0.4627451002597809
0.44705882668495184
0.4392156898975373
0.42352941632270813
0.4196078479290009
0.3960784375667572
0.4000000059604645
0.3843137323856354
0.3843137323856354
0.364705890417099
0.37254902720451355
0.3607843220233917
0.3490196168422699
0.4000000059604645
0.30588236451148987
0.3019607961177826
0.3137255012989044
0.3490196168422699
0.3490196168422699
0.35686275362968445
0.3764705955982208
0.38823530077934265
0.39215686917305
0.42352941632270813
0.43529412150382996
0.45098039507865906
0.4431372582912445
0.45098039507865906
0.4627451002597809
0.46666666865348816
0.4588235318660736
0.4431372582912445
0.45098039507865906
0.4431372582912445
0.43529412150382996
0.4392156898975373
0.4196078479290009
0.40784314274787914
0.4039215743541718
0.4039215743541718
0.364705890417099
0.3607843220233917
0.3294117748737335
0.3019607961177826
0.3294117748737335
0.3607843220233917
0.33333334326744085
0.2980392277240753
0.33725491166114807
0.33725491166114807
0.34117648005485535
0.3764705955982208
0.37254902720451355
0.4000000059604645
0.3843137323856354
0.4274509847164154
0.4313725531101227
0.4431372582912445
0.43529412150382996
0.47058823704719543
0.46666666865348816
0.47843137383461
0.4627451002597809
0.4588235318660736
0.46666666865348816
0.4392156898975373
0.4392156898975373
0.4313725531101227
0.4274509847164154
0.39215686917305
0.3960784375667572
0.38823530077934265
0.3294117748737335
0.34117648005485535
0.3176470696926117
0.3019607961177826
0.3450980484485626
0.3019607961177826
0.3176470696926117
0.32549020648002625
0.33725491166114807
0.3529411852359772
0.3490196168422699
0.364705890417099
0.3529411852359772
0.3803921639919281
0.39215686917305
0.4156862795352936
0.4156862795352936
0.43529412150382996
0.4431372582912445
0.43529412150382996
0.4627451002597809
0.45098039507865906
0.45490196347236633
0.44705882668495184
0.45490196347236633
0.44705882668495184
0.4313725531101227
0.42352941632270813
0.4000000059604645
0.36862745881080633
0.38823530077934265
0.3764705955982208
0.3450980484485626
0.39215686917305
0.35686275362968445
0.33725491166114807
0.35686275362968445
0.2862745225429535
0.32156863808631897
0.30588236451148987
0.34117648005485535
0.32549020648002625
0.3490196168422699
0.3490196168422699
0.3843137323856354
0.39215686917305
0.3764705955982208
0.40784314274787914
0.42352941632270813
0.40784314274787914
0.42352941632270813
0.44705882668495184
0.4392156898975373
0.45098039507865906
0.4392156898975373
0.4431372582912445
0.45098039507865906
0.43529412150382996
0.3843137323856354
0.3960784375667572
0.3607843220233917
0.3843137323856354
0.3843137323856354
0.3764705955982208
0.3529411852359772
0.38823530077934265
0.3529411852359772
0.33725491166114807
0.36862745881080633
0.32156863808631897
0.30980393290519714
0.29411765933036804
0.30980393290519714
0.32549020648002625
0.34117648005485535
0.3490196168422699
0.36862745881080633
0.38823530077934265
0.4000000059604645
0.4156862795352936
0.4039215743541718
0.40784314274787914
0.4274509847164154
0.4431372582912445
0.4392156898975373
0.44705882668495184
0.4392156898975373
0.43529412150382996
0.44705882668495184
0.38823530077934265
0.40784314274787914
0.3960784375667572
0.364705890417099
0.36862745881080633
0.39215686917305
0.39215686917305
0.39215686917305
0.3607843220233917
0.3490196168422699
0.34117648005485535
0.32549020648002625
0.3176470696926117
0.27058824896812445
0.27450981736183167
0.33333334326744085
0.33725491166114807
0.35686275362968445
0.34117648005485535
0.3843137323856354
0.3843137323856354
0.3960784375667572
0.3843137323856354
0.38823530077934265
0.4313725531101227
0.4196078479290009
0.4196078479290009
0.42352941632270813
0.42352941632270813
0.4117647111415863
0.3803921639919281
0.364705890417099
0.3960784375667572
0.3843137323856354
0.3960784375667572
0.38823530077934265
0.3764705955982208
0.4000000059604645
0.3960784375667572
0.3764705955982208
0.364705890417099
0.3607843220233917
0.30980393290519714
0.35686275362968445
0.2549019753932953
0.27058824896812445
0.29411765933036804
0.32549020648002625
0.3176470696926117
0.33333334326744085
0.3294117748737335
0.3607843220233917
0.3764705955982208
0.4000000059604645
0.4000000059604645
0.40784314274787914
0.4000000059604645
0.4000000059604645
0.4156862795352936
0.4196078479290009
0.4313725531101227
0.4000000059604645
0.4039215743541718
0.4156862795352936
0.4117647111415863
0.38823530077934265
0.38823530077934265
0.3607843220233917
0.37254902720451355
0.3803921639919281
0.4000000059604645
0.364705890417099
0.3294117748737335
0.30980393290519714
0.3529411852359772
0.239215686917305
0.2823529541492462
0.2666666805744171
0.2980392277240753
0.3019607961177826
0.3294117748737335
0.32156863808631897
0.33725491166114807
0.364705890417099
0.3490196168422699
0.38823530077934265
0.38823530077934265
0.40784314274787914
0.39215686917305
0.4196078479290009
0.4117647111415863
0.4117647111415863
0.3960784375667572
0.4039215743541718
0.40784314274787914
0.4000000059604645
0.4000000059604645
0.3803921639919281
0.3607843220233917
0.3764705955982208
0.39215686917305
0.39215686917305
0.36862745881080633
0.32549020648002625
0.3529411852359772
0.3019607961177826
0.3490196168422699
0.239215686917305
0.25882354378700256
0.34117648005485535
0.30980393290519714
0.3176470696926117
0.3294117748737335
0.3529411852359772
0.3529411852359772
0.3764705955982208
0.37254902720451355
0.35686275362968445
0.3803921639919281
0.364705890417099
0.3843137323856354
0.35686275362968445
0.35686275362968445
0.3764705955982208
0.3960784375667572
0.40784314274787914
0.38823530077934265
0.37254902720451355
0.3843137323856354
0.3843137323856354
0.39215686917305
0.39215686917305
0.39215686917305
0.37254902720451355
0.33725491166114807
0.32156863808631897
0.3960784375667572
0.36862745881080633
0.34117648005485535
0.2862745225429535
0.25882354378700256
0.27058824896812445
0.30980393290519714
0.32549020648002625
0.33333334326744085
0.3450980484485626
0.3450980484485626
0.364705890417099
0.34117648005485535
0.38823530077934265
0.33725491166114807
0.3803921639919281
0.364705890417099
0.3843137323856354
0.3764705955982208
0.4039215743541718
0.38823530077934265
0.3843137323856354
0.3843137323856354
0.4039215743541718
0.3843137323856354
0.37254902720451355
0.35686275362968445
0.32156863808631897
0.3490196168422699
0.3137255012989044
0.37254902720451355
0.33725491166114807
0.32549020648002625
0.33725491166114807
0.2823529541492462
0.27450981736183167
0.20000000298023224
0.250980406999588
0.29411765933036804
0.3490196168422699
0.32156863808631897
0.30980393290519714
0.35686275362968445
0.36862745881080633
0.3529411852359772
0.33725491166114807
0.32549020648002625
0.3529411852359772
0.30980393290519714
0.3764705955982208
0.3803921639919281
0.3529411852359772
0.3843137323856354
0.3803921639919281
0.3529411852359772
0.3764705955982208
0.4117647111415863
0.3019607961177826
0.3137255012989044
0.3019607961177826
0.364705890417099
0.35686275362968445
0.32156863808631897
0.3490196168422699
0.3176470696926117
0.33725491166114807
0.2836862874031067
0.2487451031804085
0.15364705964922906
0.2823529541492462
