0.0235294122248888
0.007843137718737125
0.003921568859368563
0.02745098061859608
0.01568627543747425
0.0117647061124444
0.0117647061124444
0.03529411926865578
0.0313725508749485
0.0313725508749485
0.02745098061859608
0.02745098061859608
0.02745098061859608
0.003921568859368563
0.05490196123719216
0.0
0.0
0.0
0.0
0.0
0.0
0.0
0.0
0.0
0.0
0.0
0.0
0.0
0.01568627543747425
0.03921568766236305
0.0470588244497776
0.003921568859368563
0.6006666904687882
0.4632156985998154
0.3794509875774384
0.5781568878889084
0.503803941309452
0.778509817123413
0.7979607963562012
0.7441960936784744
1.0
0.9258823573589325
0.9661176490783692
0.9792156875133515
0.9831372559070588
0.8733725565671921
0.96878431558609
1.0
0.840901970267296
0.8211372655630113
0.9650588256120682
0.7361176627874375
0.9973333334922792
1.0
1.0
1.0
0.9546274536848068
0.9790980404615404
0.9921176475286484
0.9230588281154634
0.7584313869476319
0.45019609153270723
0.540431390106678
0.35466667532920837
0.6255686497688294
0.5665098297595978
0.400235300064087
0.6815686464309693
0.4747058936953545
0.4983137455582619
0.6841960972547532
0.7613333475589752
0.9974117648601533
0.7950196200609208
0.9947450983524322
0.9870196086168289
0.88411765396595
0.9086274564266206
0.9882352948188782
0.8474902051687241
0.912666671872139
0.887843143939972
0.6655686473846436
0.9961176472902299
0.9882745105028152
1.0
1.0
0.9986666667461397
0.9947450983524322
0.9856862753629685
0.810823540687561
0.9518039244413377
0.6463921779394151
0.5835686522722244
0.4998039317131042
0.3742353016138077
0.5770980644226075
0.5155294209718705
0.4067843192815781
0.5428627723455429
0.6134902191162109
0.5769412016868591
0.6552941381931305
0.7717647194862366
0.9921568632125854
1.0
0.984352942109108
0.9204313772916793
0.9295686316490175
0.9947843140363694
0.9492156893014908
0.9792156875133515
0.9335294157266617
0.892784320116043
0.6063921704888344
0.8088627564907075
0.9857254910469055
1.0
1.0
1.0
0.9987058824300766
0.9568627476692201
0.9922352945804596
0.6380392372608186
0.6292941397428513
0.5193725678324699
0.5049019804596901
0.4827451092004776
0.4631764829158783
0.44227451324462896
0.4801176583766938
0.6971764886379243
0.7587843281030655
0.7900392282009125
0.8149411875009538
0.6682745295763016
0.9608627474308015
1.0
0.9987058824300766
0.9986666667461397
0.993490196466446
0.9740000015497208
0.9699607861042023
0.9856862753629685
0.9895294123888017
0.811843148469925
0.9478039246797563
0.9960784316062928
0.9883529418706896
1.0
1.0
0.9961176472902299
0.9596470612287522
0.9167058873176575
0.9258039259910584
0.5571372812986374
0.5061568823456765
0.44992157161235813
0.44870588541030887
0.47611765861511235
0.40823529958724974
0.5913333576917649
0.5454902231693268
0.5442353212833404
0.695960802435875
0.7641176611185074
0.7534902107715606
0.6656862944364548
0.72992158472538
1.0
0.9986666667461397
1.0
1.0
1.0
0.9113725543022156
0.9948235297203065
0.9661176490783692
0.955764708518982
0.7687843275070191
0.9947843140363695
0.9909019613265991
0.9987058824300766
1.0
0.993490196466446
0.6249804145097733
0.5282745280861855
0.5832549268007279
0.6238823753595353
0.44074510157108304
0.4316470628976822
0.46043137490749364
0.41207843661308285
0.3678039294481278
0.44094117999076843
0.5704706138372422
0.6514117854833603
0.7377647215127945
0.7757647192478181
0.8018431490659714
0.7612941318750381
0.7586274653673172
0.9947843140363695
0.9844705891609192
0.9727450996637346
0.9844313734769821
0.9974117648601533
0.984392157793045
0.8105882465839387
0.9804705893993377
0.9986666667461397
0.9727450996637346
0.8890980458259583
0.993529412150383
0.9765490210056305
0.9921568632125854
0.5347843316197395
0.514039234817028
0.6330196297168732
0.724549036026001
0.597843161225319
0.5519215855002404
0.504784333407879
0.4277254945039749
0.35454902827739715
0.5928235536813736
0.5796862995624543
0.5534510070085525
0.6408627665042879
0.5847843384742737
0.6645490396022797
0.5415686547756196
0.7103921741247178
0.6540392363071442
0.987019608616829
0.8421568721532823
0.8945098102092743
0.9469019639492036
0.9208627498149873
0.9156470638513566
0.7652549159526826
0.9609411787986757
0.9857254910469057
0.9662352961301803
0.9570980417728425
0.705686292052269
0.8906274574995041
0.536078449189663
0.48396080523729323
0.7180000168085099
0.6841568815708161
0.5727843391895294
0.5336862924695016
0.4407451015710831
0.4015686333179474
0.3741568702459336
0.31533334434032445
0.6268627673387528
0.6266666889190674
0.6240784537792206
0.5600392320752144
0.625333355665207
0.37670588970184327
0.6789804112911224
0.6214510029554368
0.6331372767686844
0.5988235533237458
0.6631372749805451
0.8266666769981386
0.9598823553323745
0.8957647120952608
0.9443137288093567
0.9365882390737534
0.619960806965828
0.5438823702931403
0.9857254910469055
0.9727450996637346
0.9675686293840409
0.511294136941433
0.5480784484744072
0.7141960954666138
0.6369804137945175
0.5990980631113052
0.6265098261833191
0.470862746834755
0.3283137357234955
0.3283529514074326
0.3545098125934601
0.30878432512283327
0.5536470755934716
0.5078431567549706
0.6778431564569474
0.6385882568359376
0.7628235435485841
0.650156883597374
0.5808627700805664
0.5494117915630341
0.5140784505009651
0.5259215870499612
0.7050196254253388
0.8423921662569047
0.8148235404491425
0.8436470681428909
0.9469411796331406
0.9468627482652665
0.7873333460092545
0.8876862812042237
0.9921960788965225
0.9780000013113023
0.5256470772624016
0.5663137513399125
0.7481176620721817
0.6985098218917847
0.48396080523729323
0.550666683614254
0.5847059071063996
0.46956862926483156
0.31129412889480595
0.33227451980113987
0.30615687429904936
0.2696078519523144
0.3665882432460785
0.5128627642989159
0.4632156985998154
0.4409411799907685
0.5900000244379044
0.5730588489770889
0.6828627640008926
0.4514117676019669
0.5389412039518358
0.5652549278736114
0.45388235569000246
0.4658039337396622
0.7181568795442581
0.8334509903192521
0.948235297203064
0.9403137290477752
0.9430196112394333
0.885686281323433
0.5375294294953347
0.6003137493133546
0.5376078608632089
0.7350588393211366
0.6814509993791581
0.4721960902214051
0.46698039412498477
0.5193333521485328
0.5192549207806587
0.32568628489971163
0.35705883204936983
0.311333344578743
0.295725502371788
0.2579215781390667
0.5182353129982948
0.4841568836569786
0.7141960954666138
0.30478432536125183
0.6213333559036255
0.5887843382358552
0.6083921802043915
0.4291372591257096
0.44619608163833624
0.5336862924695015
0.3336862844228745
0.6018039354681969
0.7090588408708574
0.8386666762828827
0.9352549058198929
0.9066666722297669
0.9145098090171815
0.8293725591897965
0.4826666778326034
0.5075294312834739
0.7115294289588928
0.7036470764875413
0.4133333384990693
0.4512549048662186
0.4028627508878708
0.4618431496620178
0.3545098125934601
0.3204313832521439
0.35713726341724394
0.3166274619102478
0.29827452182769776
0.28913726747035984
0.5534510070085525
0.41082353472709654
0.5049411961436272
0.4252549064159394
0.5507451248168945
0.5401176646351814
0.5756470841169358
0.45000000298023224
0.42396078884601596
0.5455686447024346
0.4488627481460572
0.6672941374778748
0.6960392338037491
0.8372941273450851
0.765450994372368
0.876549026966095
0.9417254936695099
0.6631764906644821
0.45913725733757027
0.7887058949470521
0.7194509971141816
0.5009804022312164
0.47352942347526555
0.43690196454525
0.5036078628897667
0.38458824217319487
0.3597254985570908
0.2864706009626389
0.2929411888122559
0.36360785126686096
0.31137256026268006
0.2734509889781475
0.39000000655651096
0.3637647140026093
0.39384314358234407
0.4853333541750908
0.32839216709136965
0.41478431880474087
0.5325490376353265
0.37427451729774475
0.5127843329310418
0.6083137488365173
0.6292941397428513
0.5666666826605797
0.6659215885400772
0.6006274649500847
0.8530588322877884
0.8489019697904587
0.6487451189756394
0.4577647083997727
0.6893333518505097
0.7312157022953034
0.5362353217601776
0.42898039638996127
0.42125490665435794
0.5010196277499199
0.3793725562095642
0.40282353520393377
0.2969804042577744
0.32313726544380195
0.2734117782115936
0.2956470710039139
0.28521569907665256
0.29568628668785096
0.393803927898407
0.32580393195152285
0.42031373023986823
0.44607843458652496
0.6881960970163346
0.7705490332841873
0.37670588970184327
0.7312157022953034
0.8020784431695939
0.6593725693225861
0.7404706037044525
0.8596078515052796
0.5494117817282678
0.565215702354908
0.6279215908050537
0.6696862941980363
0.4551372575759888
0.6278431594371796
0.7234117811918259
0.6225882577896118
0.42376471042633057
0.391098045706749
0.42384314179420474
0.36239216506481176
0.3623921650648117
0.3767451053857803
0.28125491499900823
0.22631372690200807
0.2760000133514404
0.28258824825286866
0.2512941275537014
0.2838823658227921
0.3952549082040787
0.4998823729157448
0.4462352973222733
0.5626666828989983
0.6934509986639024
0.6869411951303482
0.7299608004093171
0.586235308945179
0.7653333473205567
0.8242745202779771
0.7534902107715608
0.7129804092645645
0.7823137384653092
0.7312941336631775
0.5547059088945389
0.4669803941249847
0.5729804176092148
0.7037255078554154
0.6906274694204331
0.4917647165060044
0.44600000321865085
0.4029019665718079
0.3283137357234955
0.2890980517864227
0.3689019685983658
0.3636862826347351
0.2485882453620434
0.251176475584507
0.2799215817451477
0.2694902098178864
0.22905882984399797
0.25517647534608845
0.46454903185367585
0.5154902151226998
0.6057647195458413
0.488117667734623
0.5847843286395074
0.7012549197673799
0.8477647149562837
0.7170196247100831
0.6185882580280304
0.6487451189756394
0.5913333576917649
0.6920000183582307
0.696000018119812
0.6618431574106217
0.4709019726514816
0.4866274619102478
0.6501176679134368
0.6944706064462662
0.5205098325014115
0.4132549071311951
0.391098045706749
0.2877647185325623
0.2890980517864228
0.3283529514074326
0.3387451076507568
0.2786666798591614
0.25643138214945793
0.1794509845972061
0.24592157393693925
0.26160785734653474
0.20560784578323366
0.2500392207503319
0.35858824372291564
0.3860000067949295
0.5115294310450554
0.6438431584835053
0.5023921766877175
0.5980392298102379
0.6777647250890733
0.5428627723455429
0.396470594406128
0.38592157542705535
0.42776471018791207
0.4825882464647293
0.5832157111167908
0.48517648160457616
0.5140784505009652
0.6527451187372207
0.6618431574106216
0.5754510056972504
0.4119607895612717
0.3858823597431183
0.37015687048435214
0.29172550261020663
0.27470589578151705
0.3741176545619964
0.38713726162910467
0.3099607956409454
0.26819608733057976
0.22647059470415115
0.23301961392164233
0.2186666736006737
0.2043921646475792
0.2590980486571789
0.3389411860704422
0.4239215731620789
0.5062745293974877
0.46184314966201784
0.4381568664312363
0.6802353131771087
0.5848235443234444
0.4159607893228531
0.45643137514591225
0.4107058876752854
0.44211765050888063
0.47341176629066467
0.4472941207885742
0.4970196181535721
0.5285098221898079
0.5938823771476746
0.6291372770071031
0.431529415845871
0.39756863355636596
0.3401176565885544
0.3244313830137253
0.29301962018013
0.40152941763401034
0.4329411804676056
0.4172549068927765
0.32050981462001804
0.21341176688671112
0.21082353174686433
0.23035294741392137
0.22509804576635362
0.20952941417694093
0.23956863313913346
0.378196085691452
0.396470594406128
0.6384313941001893
0.5454509976506233
0.4709019726514817
0.4356470626592637
0.3755294191837311
0.45258823812007903
0.3962745159864426
0.3937254965305329
0.4643529433012009
0.4316470628976822
0.46301961004734044
0.5192941364645958
0.5049019706249238
0.6761960977315903
0.4903921675682068
0.4041176527738572
0.33619608819484714
0.3583921653032303
0.31529412865638734
0.3335294216871262
0.4158431422710419
0.48921569705009466
0.45000000298023224
0.3061176586151123
0.2120392179489136
0.21466666877269747
0.24600001022219659
0.22121569305658342
0.23294118255376817
0.3205490303039551
0.35329412639141083
0.36239216506481176
0.36882353723049166
0.33090197086334233
0.38843137919902804
0.3989019668102265
0.45905882596969605
0.44466666996479043
0.42780392587184907
0.44607843458652496
0.39376471221446996
0.5036862942576409
0.47094118833541876
0.4264313769340516
0.6827451169490815
0.5793725740909577
0.41454902470111843
0.37141177237033846
0.3688627529144287
0.3558431458473206
0.3465882444381714
0.43156863152980807
0.3453725582361222
0.39631373167037964
0.4630980414152146
0.27211765572428703
0.2278431436419487
0.2330196188390255
0.2498431472480297
0.26031373485922815
0.3087451094388962
0.37933334052562717
0.42921569049358377
0.33109804928302766
0.43690196454524993
0.3845490264892579
0.3675294196605683
0.36101961612701416
0.4134117698669434
0.4696078550815582
0.44600000321865085
0.4263921612501145
0.4787451192736626
0.49054904013872147
0.41066667199134826
0.5742745351791383
0.6553333538770676
0.4630588257312775
0.40282353520393377
0.37411765456199647
0.3714902037382126
0.36756863534450535
0.481333344578743
0.34796079337596897
0.4159215736389161
0.45396078705787657
0.3008627520501614
0.2238039331138134
0.27082353815436366
0.2551764802634716
0.19639216005802157
0.23819608911871912
0.3820000070333481
0.31541177570819856
0.36380392968654635
0.4539607870578766
0.3061176586151123
0.41470588743686676
0.3217255008220673
0.4460392189025879
0.4551372575759888
0.3767451053857804
0.4003529471158982
0.418588240146637
0.40670588791370393
0.3087451094388962
0.43819608211517336
0.6318039435148239
0.533686302304268
0.4682352960109711
0.42768627882003785
0.41074510335922243
0.3937254965305329
0.38854902625083926
0.3558431458473206
0.49439216732978825
0.418588240146637
0.35705883204936983
0.25509804889559745
0.24603922590613367
0.22121569797396662
0.21992157548666003
0.25384314700961114
0.39113726139068605
0.33227451980113987
0.2970980463922024
0.39250981032848364
0.3271764808893204
0.3362353038787842
0.3649019688367844
0.4538431400060654
0.3728235369920731
0.3754117721319199
0.44349019944667817
0.338823539018631
0.4224705928564072
0.5034510001540184
0.45525490462780005
0.5401960960030556
0.604352964758873
0.4814117759466172
0.45784313976764685
0.4407843172550201
0.3963529473543168
0.3467058914899826
0.48400001108646395
0.4747843253612518
0.4394117683172226
0.391098045706749
0.2498823629319668
0.22764706507325172
0.2341568736732006
0.22635294750332832
0.2134509925544262
0.3650196158885956
0.3885098105669022
0.36109804749488833
0.4934117850661278
0.3650196158885956
0.2957255023717881
0.3741176545619964
0.3414117741584778
0.31925491273403167
0.4120000052452088
0.40411765277385714
0.40815686821937563
0.38070588946342465
0.415921573638916
0.36619608640670775
0.45121568918228155
0.6252549242973329
0.5297255083918572
0.44741176784038544
0.4564705908298493
0.3701960861682892
0.36890196859836577
0.39760784924030307
0.46549019813537607
0.3962745159864426
0.3085882417857647
0.26956863626837735
0.23815687343478203
0.201372556835413
0.1843921607732773
0.20937255635857582
0.3491372638940812
0.3478823620080948
0.3925490260124207
0.3179607951641083
0.29701961994171144
0.4304705923795701
0.3401568722724915
0.3179215794801712
0.35458824396133426
0.3924705946445466
0.3937254965305329
0.38337255597114567
0.36364706695079807
0.3989803981781006
0.3701960861682892
0.38717647731304167
0.5480392327904702
0.5454902231693268
0.4526666694879532
0.4499607872962952
0.3768235367536545
0.3650196158885956
0.3492941266298294
0.41733333826065067
0.43290196478366855
0.32435294672846793
0.21333333797752857
0.23686275586485864
0.1961960840970278
0.15050980739295483
0.20031373091042043
0.3152156972885132
0.34796079337596897
0.39231373190879826
0.3309411865472794
0.37807843863964086
0.27996079742908475
0.3493333423137665
0.3284705984592438
0.39901961386203766
0.3558431458473206
0.39894118249416355
0.3937254965305329
0.4119607895612717
0.38458824217319487
0.36235294938087464
0.46039215922355653
0.46698040395975116
0.5115686467289925
0.44349019944667817
0.4539215713739395
0.4186274558305741
0.3414509898424149
0.3140000110864639
0.36756863534450535
0.39635294735431675
0.30870588883757594
0.25125491186976434
0.21988235965371133
0.15309804253280163
0.163529414460063
0.1858431386202574
0.35184314608573913
0.3596862828731537
0.2720392292737961
0.31133334457874295
0.6106274741888046
0.29827452182769776
0.35329412639141083
0.36768628239631657
0.30752942323684695
0.4068627506494522
0.36235294938087464
0.39894118249416355
0.3951372611522675
0.35054902851581576
0.34917647957801823
0.34282353878021243
0.4106666719913483
0.46960786491632467
0.4550980418920517
0.41862745583057404
0.41866667151451115
0.32847059845924376
0.3074902075529099
0.397607849240303
0.4028627508878708
0.3047058890759945
0.22650981530547143
0.21733334280550481
0.13866667084395884
0.13478431813418865
0.2773725573718548
0.3309804022312165
0.24200000554323198
0.2734509889781475
0.3689019685983658
0.34149020552635195
0.22501960933208465
0.2917647182941437
0.4120784366130829
0.32847059845924376
0.40294118225574493
0.3205490303039551
0.36498040020465855
0.3976470649242402
0.34274510741233827
0.33356863737106324
0.3611764788627625
0.33356863737106324
0.46952942341566084
0.535019625723362
0.44345098376274117
0.4107843190431595
0.34019608795642853
0.3114117759466172
0.3637254983186722
0.29552941903471946
0.1923921627551317
0.21466667123138905
0.2250980482250452
0.13223529744893314
0.15192157201468945
0.2434117701649666
0.2773333466053009
0.2512941275537014
0.28650981664657593
0.24078431934118272
0.4040784370899201
0.1662352991104126
0.2590588329732418
0.35705883204936983
0.2787843219935894
0.3532549107074738
0.3337647157907486
0.3546274596452713
0.2879215812683106
0.3192156970500946
0.286549032330513
0.3310196179151535
0.36364706695079807
0.39894118249416355
0.546862762272358
0.4304705923795701
0.424000004529953
0.332352951169014
0.38596079111099246
0.38325490891933445
0.29698039934039117
0.28117647871375084
0.2617254994809628
0.2290196190774441
0.14658823899924756
0.35196079313755035
0.3100392270088196
0.2616862837970257
0.32309804975986484
0.30090197265148166
0.27349020466208457
0.2787451063096523
0.2696078519523144
0.24078431934118272
0.28521569907665256
0.4487451010942459
0.19525490768253806
0.2330196139216423
0.25384314700961114
0.3847451049089432
0.2683529500663281
0.2904706007242203
0.3636862826347351
0.3414509898424149
0.43819608211517336
0.49192158907651906
0.4304705923795701
0.421294122338295
0.38207843840122224
0.4120392209291458
0.3453725582361222
0.30737255558371546
0.29956863448023796
0.2629804013669491
0.16882353179156778
0.24737255424261095
0.36882353723049166
0.34407844066619875
0.3505882441997528
0.3336078530550003
0.2852549147605896
0.3074509918689728
0.29568628668785096
0.2708627538383007
0.28003922879695897
0.33101961791515355
0.30752942323684695
0.34282353878021243
0.14937255132943394
0.22011765390634538
0.2893725615739823
0.3061960899829865
0.2591372594237328
0.28788236558437347
0.314039226770401
0.2930588358640671
0.4839608052372933
0.4161960834264755
0.3951764768362046
0.37286275267601016
0.33109804928302766
0.32843137785792353
0.31266667291522027
0.29568628177046774
0.2134902057796717
0.09176470786333084
0.2486274610459805
0.16101961068809034
0.33494118630886077
0.304862756729126
0.31788236379623414
0.29964707076549535
0.34929412662982945
0.3126666778326035
0.29054903209209443
0.27482354283332827
0.24992157369852067
0.16776471078395844
0.24756863266229628
0.27674510642886163
0.21090197063982488
