0.0117647061124444
0.007843137718737125
0.01568627543747425
0.01568627543747425
0.01568627543747425
0.003921568859368563
0.07450980693101883
0.0470588244497776
0.02745098061859608
0.0
0.0313725508749485
0.003921568859368563
0.0313725508749485
0.062745101749897
0.05882352963089943
0.003921568859368563
0.0
0.0
0.003921568859368563
0.0
0.003921568859368563
0.003921568859368563
0.003921568859368563
0.003921568859368563
0.0
0.0
0.0
0.003921568859368563
0.019607843831181526
0.019607843831181526
0.01568627543747425
0.0
0.341529421210289
0.34407844066619875
0.29972550213336946
0.2566666713356972
0.34415687203407286
0.6999215865135193
0.4541176599264145
0.5103921762108803
0.42262745559215553
0.8333333432674408
0.4841568738222122
0.3100784426927567
0.45262745380401614
0.40164706468582156
0.29596079647541046
0.4959215790033341
0.582196103334427
0.9765882366895675
0.4737255018949509
0.3848235362768173
0.3049411880970001
0.37968628168106083
0.40294118225574493
0.5874510049819947
0.44117648422718053
0.3521176558732987
0.45933334589004515
0.27878432199358943
0.5469019877910615
0.6960784494876862
0.4709804040193558
0.30501961946487427
0.31803922653198247
0.3022745215892792
0.247411769926548
0.23184314340353013
0.47094118833541876
0.24094118207693102
0.46964707076549533
0.37172549784183506
0.32839216709136965
0.238235299885273
0.24741176992654804
0.25411765679717063
0.29843137964606287
0.4120392209291459
0.4290588277578354
0.5639608004689216
0.546901977956295
0.5272941359877586
0.506431392133236
0.4735686391592026
0.40309804499149327
0.43964706242084506
0.5625490456819534
0.468431384563446
0.5194509992003441
0.4854902070760727
0.3154509913921356
0.5193725678324699
0.5756862998008728
0.4018039274215699
0.6370980608463288
0.3297255003452301
0.36400000810623173
0.2944706004858017
0.39247059464454653
0.5074509900808335
0.4852941286563873
0.312941187620163
0.49847060829401024
0.43690196454525
0.18062745265662672
0.08141176730394364
0.2696078519523144
0.27227451846003536
0.3925490260124207
0.24219608888030053
0.39776471197605134
0.5914902204275132
0.7718431508541108
0.9766666680574418
0.38470588922500615
0.9921568632125854
0.5782353192567826
0.681411783695221
0.6111372780799866
0.5820784562826157
0.6450980603694917
0.4853725600242615
0.5311372828483581
0.4697255021333694
0.5155294308066368
0.49462746143341063
0.4369803959131241
0.37556863486766817
0.4447058856487275
0.36901961565017705
0.5127843329310418
0.46705883562564854
0.4537647086381913
0.24737255424261095
0.3819607913494111
0.40164706468582156
0.25658823996782304
0.12070588514208794
0.23690196663141252
0.3193725597858429
0.3218039321899414
0.3965490257740021
0.4827058935165406
0.3627058905363083
0.3912941241264344
0.5756078684329987
0.45152942478656777
0.5913333576917649
0.4474901992082596
0.6906666851043701
0.6021568864583969
0.6894117832183838
0.539098066687584
0.4356078469753265
0.5847843384742737
0.46443138480186463
0.4238823574781418
0.48156863868236544
0.5455686447024346
0.4226666712760926
0.36505883157253266
0.5297647240757942
0.338823539018631
0.3165490305423737
0.2577254997193813
0.34533334255218506
0.3387451076507568
0.1573333363980055
0.1033333346247673
0.17282353401184083
0.2709411852061749
0.34678432285785676
0.3466274601221085
0.4161176520586014
0.4957647261023521
0.5938039457798004
0.477529423236847
0.44482353270053865
0.540352958738804
0.4305490237474442
0.4160392206907273
0.5296470770239831
0.4932156968116761
0.9220000046491623
0.6879608029127121
0.5715294373035431
0.4723529529571533
0.40945098578929906
0.3820784384012223
0.3821568697690964
0.49592157900333406
0.43576470971107484
0.2514509853720665
0.2878431499004364
0.26827451869845387
0.2734117782115936
0.3558039301633835
0.31674510896205904
0.05133333465084434
0.20827451735734942
0.0865098062157631
0.29682354152202606
0.18600000381469728
0.3860392224788666
0.2108627524971962
0.49705883383750915
0.40172549605369573
0.1988235324621201
0.42396078884601596
0.3990980452299119
0.5574509969353676
0.5861568874120713
0.4382745134830475
0.7167058992385864
0.49047059893608097
0.5206666854023934
0.4081960839033127
0.5403137430548668
0.4658431494235992
0.5311372730135918
0.37556863486766817
0.37929412484169006
0.5286274692416191
0.3993333393335343
0.3638039296865464
0.3507843226194382
0.2905098164081574
0.2943529534339905
0.4632156985998154
0.2867058950662613
0.4081176525354385
0.11654902264475824
0.11552941486239435
0.3049804037809372
0.27078432247042655
0.47737256050109866
0.4957647162675857
0.4355294156074524
0.2393725596368313
0.1545490252971649
0.4487451010942459
0.57572551548481
0.48286275625228886
0.45137255191802983
0.49843138277530674
0.5258823812007904
0.3585490280389786
0.461921581029892
0.474823541045189
0.384627457857132
0.54290198802948
0.6250588458776474
0.5377255177497864
0.5128235486149788
0.4424706017971039
0.3454902052879334
0.28396079227328297
0.3167843246459961
0.32192157924175263
0.34937255799770356
0.6485882562398911
0.25913726434111595
0.18835294485092163
0.1492549079656601
0.06701961006969215
0.5729019862413407
0.60050982773304
0.40160784900188445
0.2721568714082241
0.3741176545619965
0.06831372641026974
0.34811765611171724
0.6632549220323563
0.6031764942407609
0.46447060048580174
0.5064705979824067
0.5757255154848099
0.32321569681167606
0.5246666851639747
0.4605490320920944
0.4970980495214462
0.5976862984895707
0.5219215872883797
0.44474510133266454
0.2799607925117016
0.4812549230456352
0.9376078468561173
0.6045882588624955
0.6213725715875625
0.17941176645457746
0.3715294194221497
0.5206666854023934
0.36901961565017705
0.42509804368019105
0.21968627631664278
0.3023529529571533
0.38070588946342465
0.45137255191802983
0.3925098103284836
0.5730588489770889
0.36247059643268587
0.3335294216871262
0.366313733458519
0.4160000050067902
0.39639216303825375
0.5663921827077867
0.5282745379209519
0.6212941402196884
0.49188236355781556
0.486745108962059
0.5586274772882462
0.6005882591009141
0.7181960952281953
0.8880392223596574
0.6710588431358337
0.5425882625579834
0.5087843331694604
0.4788627564907074
0.5086666861176491
0.6398431587219239
0.3232549124956131
0.45274510085582736
0.2996862864494324
0.29588236510753635
0.24200000554323198
0.3769411838054657
0.11780392453074456
0.37556863486766817
0.6840000188350678
0.40423529982566836
0.3676078510284424
0.4054902017116547
0.4500784343481064
0.2866666793823242
0.5362353217601776
0.36898039996624
0.440705885887146
0.5730196332931519
0.43321569025516515
0.366313733458519
0.6147843366861344
0.36752941966056824
0.7245882517099381
0.5939215928316116
0.5583921831846238
0.7298039376735688
0.5481960955262184
0.4472941207885743
0.6187843364477158
0.4329803961515427
0.5285098221898079
0.536431400179863
0.25411765187978747
0.2878431499004364
0.3952549082040787
0.4290588277578354
0.42000000476837157
0.3453725582361222
0.4684313845634461
0.5388235569000245
0.4682352960109711
0.5927059066295624
0.3924313789606094
0.3845882421731949
0.3952549082040787
0.5324706062674522
0.7090196251869202
0.6526666873693466
0.5088235488533974
0.6788627642393112
0.6133333563804627
0.4905882558226585
0.3754117721319199
0.5073333528637887
0.4119607895612717
0.601647082567215
0.5559215950965882
0.5311372730135918
0.4486666697263718
0.6802745288610459
0.7127451151609422
0.7600784456729889
0.4683529531955719
0.4004313784837723
0.48419608950614934
0.6081176704168321
0.5075686371326447
0.388392163515091
0.5662745356559754
0.5992157101631165
0.49301962822675705
0.5650980651378632
0.2904705958068371
0.38584314405918124
0.4996078631281853
0.5899608087539673
0.47305883526802067
0.6909019792079926
0.6789019799232483
0.5421568801999093
0.9025882411003113
0.4774902075529099
0.8083137369155884
0.5441961055994035
0.5261176654696464
0.6427059036493301
0.5912941420078278
0.7874902087450028
0.7780784446001053
0.5572157126665116
0.6133333563804627
0.5127059015631676
0.6777255094051362
0.7181960952281952
0.4880392265319824
0.6738039410114288
0.5899608087539673
0.5573333597183228
0.414823534488678
0.4736078548431397
0.6696470785140992
0.5440784585475922
0.5074509999155998
0.6226666891574859
0.650156883597374
0.46568627655506134
0.516666685640812
0.45415687561035156
0.4780392271280289
0.8437254995107651
0.5088627645373345
0.5536470755934716
0.5968235534429551
0.5337255081534387
0.6565098243951798
0.6240392380952835
0.4870196187496185
0.6072157096862794
0.7107058995962143
0.4691372668743134
0.4697255021333695
0.6055294352769852
0.6238823753595353
0.4918431577086449
0.42521569073200227
0.6029804158210754
0.48662746191024786
0.42133333802223205
0.6894509989023209
0.4670196297764778
0.4905098146200181
0.5377647235989571
0.5534902128577233
0.4329019647836686
0.6853333520889283
0.6382745313644409
0.36501961588859555
0.58603924036026
0.5206274697184563
0.5003921669721603
0.4082352995872498
0.449019621014595
0.446117650270462
0.507725499868393
0.7573725634813309
0.5429019880294801
0.5038431471586228
0.42713726937770846
0.454901973605156
0.4678823649883271
0.40772550582885747
0.45588236570358276
0.6919608026742936
0.4812549230456353
0.5245490381121636
0.6408627665042878
0.6683137452602387
0.38188235998153686
0.4330588275194168
0.6256078654527665
0.5236470773816109
0.5101176664233208
0.7207058990001679
0.6867843323945999
0.7349411922693252
0.5246666851639747
0.402980397939682
0.6789019799232483
0.42537255346775055
0.6961176651716232
0.5492941445112229
0.3510588324069977
0.24086275070905686
0.44101961135864265
0.5207059010863304
0.48400001108646395
0.6672549217939377
0.8017647176980973
0.7536862891912461
0.4309804064035416
0.5031372648477554
0.37341177225112915
0.4308627593517304
0.4045490252971649
0.5862745344638824
0.7481568777561187
0.6123137485980988
0.5087451174855233
0.39105883002281194
0.5702353197336197
0.7180000168085099
0.6502745306491853
0.7261176633834838
0.7037255078554154
0.8881960850954056
0.7364706039428711
0.7415686428546906
0.6135686504840852
0.47752942323684694
0.6017647296190263
0.6265490418672561
0.8554509890079499
0.8556078517436982
0.5964706122875214
0.5400000274181366
0.7273333495855332
0.5624706143140793
0.5821568876504898
0.837176480293274
0.49968628466129306
0.6926666849851608
0.6252549242973328
0.42788235723972323
0.3610588318109513
0.3494509893655777
0.4683529531955719
0.5938823771476746
0.689450998902321
0.7939215809106828
0.5936078673601152
0.8358823627233505
0.6908235478401185
0.5535686442255974
0.5469412034749985
0.6516470795869828
0.6423137468099595
0.7875294244289398
0.7063529586791992
0.5321568807959556
0.5702353197336197
0.43952941536903384
0.5678431630134584
0.6828235483169556
0.5583921831846237
0.5299608024954796
0.7221176636219026
0.5874510049819947
0.5625490456819535
0.8200784420967102
0.7993725609779359
0.7652157002687454
0.5049804118275643
0.853960793018341
0.41847059309482576
0.6277255123853683
0.45517647325992583
0.5742353194952011
0.9572549045085907
0.39376471221446996
0.27078432247042655
0.23176471203565602
0.4618039238452912
0.29447059556841854
0.7742745232582093
0.4227451026439667
0.4390196216106415
0.7850588363409042
0.6999215865135193
0.7155294287204742
0.43039216101169586
0.3752941250801087
0.3924313789606094
0.5022745296359062
0.5769019860029221
0.5992157101631165
0.6120784544944764
0.7232941341400146
0.77949020922184
0.5322353121638298
0.7914117771387101
0.7561176615953447
0.7325882512331009
0.6919608026742935
0.872274517416954
0.6084313958883286
0.5389804196357728
0.5443137526512146
0.510196097791195
0.48545099139213566
0.49325491249561315
0.5443137526512146
0.49192157924175267
0.8435294210910798
0.5912549263238908
0.35721569478511817
0.5193725579977035
0.5885882598161698
0.5758431625366212
0.24203922614455223
0.6294117867946625
0.640980413556099
0.6893333518505097
0.4029019665718079
0.3375686371326447
0.40945098578929906
0.44749019920825966
0.5468235564231873
0.6278823751211167
0.7050196254253388
0.7430588388442994
0.41992157340049746
0.49964707881212234
0.5547059088945389
0.7638431513309478
0.5821568876504898
0.5219608029723168
0.5508627620339395
0.566627476811409
0.5156470778584481
0.5312157142162324
0.49850981414318085
0.4958431476354599
0.4593333458900452
0.5443921741843224
0.3572549104690552
0.5105098134279251
0.523215704858303
0.4997255003452301
0.6241176694631577
0.4986274611949921
0.7404313880205154
0.7561960929632188
0.6973333513736726
0.5912549263238907
0.4615686297416688
0.5036470785737037
0.6930588418245316
0.7259608006477356
0.7690588372945787
0.6592549222707749
0.406745103597641
0.4801960897445679
0.270901974439621
0.4632549142837525
0.707843154668808
0.7169019776582718
0.5677647316455842
0.6409019821882248
0.5586666929721833
0.5756470841169358
0.5351372727751732
0.5168235483765602
0.5783137506246567
0.58603924036026
0.6110196310281754
0.6646666866540909
0.5679215943813324
0.5680392414331437
0.47094118833541876
0.8670196157693862
0.5510196247696877
0.4567451107501984
0.6332549238204956
0.7809411895275116
0.2891372625529766
0.7651764845848084
0.5011372748017311
0.5925098282098771
0.5782353094220162
0.5664706140756608
0.8762353014945985
0.927215690612793
0.5610980653762818
0.46588236510753633
0.6565882557630539
0.923450984954834
0.9116470640897751
0.8176078540086746
0.732549035549164
0.8057647174596787
0.8423529505729676
0.5454902133345604
0.584941201210022
0.5312157043814659
0.5363529589772225
0.522078450024128
0.6225882577896118
0.6672549217939376
0.4604705905914307
0.5050196275115013
0.5821176719665528
0.3860000067949295
0.5954117888212205
0.5875686520338059
0.7039215862751007
0.73796079993248
0.785960797071457
0.7116470760107041
0.5923921811580658
0.7600392299890519
0.8344313824176789
0.7561568772792817
0.5754902213811874
0.6487843346595765
0.6239608067274094
0.9338039255142212
0.7678431510925293
0.8161568737030029
0.7744706016778946
0.5676470845937729
0.5467843309044839
0.6763137447834016
0.8109019720554351
0.558549045920372
0.5337255081534387
0.7991764825582505
0.5597647321224213
0.6737647253274918
0.48415687382221223
0.5245882537961006
0.4224313771724701
0.533960802257061
0.5090196174383164
0.6424313938617706
0.7457647210359574
0.676509823203087
0.6672549217939377
0.5417647233605385
0.6462353152036667
0.6605490398406982
0.6618823730945587
0.7222745263576508
0.8567843222618103
0.8292549121379853
0.7482745248079301
0.6356862962245942
0.7482353091239929
0.7979215806722642
0.8214902067184449
0.6498823738098145
0.5963137397170066
0.7272549182176591
0.6055686509609223
0.5625490358471871
0.47074509978294377
0.4382352977991104
0.7936862868070602
0.5323921748995781
0.7391372704505921
0.7011764883995056
0.6605882555246354
0.5637647318840027
0.532313743531704
0.2917647182941437
0.3390196174383163
0.39380392789840696
0.6594117850065232
0.5704313981533051
0.6594902163743973
0.49062746167182925
0.5952157104015351
0.745568642616272
0.718117663860321
0.8593333417177201
0.715372565984726
0.8332156962156295
0.8357647156715393
0.44474510133266454
0.8396862840652467
0.66843139231205
0.7323529571294785
0.6305882573127747
0.38713726162910467
0.5285882535576821
0.6174902188777924
0.6999608021974564
0.8317255002260209
0.5269804105162621
0.8696862822771074
0.6030588471889495
0.535098057091236
0.4723137372732163
0.4721960902214051
0.4081960839033127
0.43568627834320073
0.5193333521485328
0.42647059261798864
0.36360785126686096
0.3677647137641907
0.5887451225519181
0.4539607870578766
0.49066667735576636
0.5860784560441972
0.5860784560441971
0.7128627622127532
0.8005098158121109
0.8475686365365982
0.720745114684105
0.6227059048414231
0.5010196277499199
0.6683921766281128
0.7274117809534073
0.7286274671554566
0.905137260556221
0.8685490274429322
0.9352549058198929
0.5336078611016274
0.5232941362261773
0.8122353053092957
0.6358431589603424
0.7664706021547318
0.4814902073144913
0.4852941286563874
0.5557647323608399
0.47882354080677036
0.40164706468582156
0.46443138480186463
0.47619608998298646
0.5481176739931106
0.46439215898513797
0.3964705944061279
0.4591372573375702
0.4358039253950119
0.36898039996623994
0.4200392204523087
0.9012549078464508
0.868470596075058
0.7062745273113251
0.42513725936412816
0.5389411941170693
0.5114509898424149
0.7469019758701325
0.7769411897659302
0.7285882514715196
0.7928235417604447
0.4518431502580643
0.7274117809534073
0.6672157061100006
0.7103137427568436
0.46952942341566084
0.4604705905914307
0.5781176623702049
0.7900392282009125
0.6907059007883072
0.41835294604301454
0.5454117918014527
0.45752941429615024
0.4995686474442482
0.4356078469753265
0.4395294153690339
0.3806666737794876
0.6263921791315079
0.6001961022615433
0.42388235747814185
0.486745108962059
0.6005490434169769
0.5192941364645958
0.7364313882589341
0.42270588696002964
0.5886666911840439
0.2630980484187603
0.4488627481460572
0.7248627614974976
0.7535294264554979
0.7912941300868989
0.7613333475589753
0.6319608062505723
0.5076470783352852
0.6213725715875626
0.5312941357493401
0.7980392277240753
0.48929413825273516
0.5010196277499199
0.788705894947052
0.763921582698822
0.7339608001708985
0.7442353093624114
0.46309804141521455
0.49031374603509903
0.7571372693777085
0.6838823717832565
0.4328235334157944
0.648039236664772
0.3569411849975586
0.44356863081455233
0.3677254980802536
0.4343921607732773
0.4762745213508606
0.775764719247818
0.35058824419975276
0.7300392317771912
0.6266666889190674
0.5102353134751321
0.4772549131512643
0.5793333485722543
0.6515294325351716
0.6776078623533249
0.6279608064889908
0.8450196170806885
0.7992549139261245
0.3375686371326447
0.46568627655506134
0.7038039392232895
0.5492157033085823
0.5873725736141204
0.7940000122785569
0.7324313884973527
0.7626666808128357
0.8005490314960481
0.5532941344380379
0.4995686474442482
0.3648235374689102
0.5875294363498688
0.7114509975910187
0.4003529471158982
0.5703137511014938
0.3520784401893616
0.4030588293075562
0.5416078606247902
0.6984706062078476
0.5756078684329986
0.28278432667255404
0.5898823773860933
0.7078039389848709
0.8006666785478593
0.4998431572318077
0.6320392376184464
0.6292549240589141
0.6920784497261048
0.7142745268344879
0.6984313905239106
0.7625882494449616
0.5926274752616882
0.7755686408281327
0.7325882512331009
0.6552157068252564
0.8031764823198319
0.7232549184560776
0.7103529584407806
0.702431390285492
0.7980784434080125
0.8736078506708146
0.6369019824266434
0.6961176651716232
0.259176480025053
0.671176490187645
0.6146274739503861
0.44211765050888063
0.8220392262935639
0.34937255799770356
0.5403529587388038
0.47749020755290994
0.51419608771801
0.5429804193973542
0.582235319018364
0.695960802435875
0.7170588403940201
0.6306666886806489
0.7522353088855744
0.668470607995987
0.714313742518425
0.6514902168512344
0.7992549139261245
0.5560784479975701
0.27862745925784116
0.7523529559373856
0.4368235430121422
0.559764722287655
0.6436862957477569
0.7680392295122147
0.48000002115964896
0.4578431397676468
0.49698040246963504
0.4683529531955719
0.4540392184257508
0.5152549210190773
0.5780392408370972
0.7117255073785782
0.680313744544983
0.47870590358972553
0.46572551220655445
0.38603922247886663
0.2789411847293377
0.27352942526340485
0.3720000027120114
0.5964706122875214
0.34811765611171724
0.4030196136236191
0.41615686774253846
0.5991764944791794
0.5966274750232697
0.63721570789814
0.6921568810939789
0.6462353152036667
0.7077255076169968
0.6084313958883285
0.7350588393211366
0.5600784477591515
0.525882371366024
0.7010980570316315
0.6907843321561814
0.8213333439826965
0.7533333480358124
0.7297647219896317
0.5557647323608399
0.6333725708723068
0.4855294227600098
0.41094118177890776
0.3520784401893616
0.4501176500320435
0.6174510031938553
0.5616470849514008
0.15521569207310676
0.6098039448261262
