0.0117647061124444
0.007843137718737125
0.007843137718737125
0.062745101749897
0.007843137718737125
0.019607843831181526
0.019607843831181526
0.07058823853731155
0.05882352963089943
0.003921568859368563
0.03921568766236305
0.0
0.02745098061859608
0.0117647061124444
0.07058823853731155
0.0
0.0
0.0
0.0
0.0
0.0
0.0
0.0
0.0
0.0
0.0
0.0
0.0
0.003921568859368563
0.03529411926865578
0.003921568859368563
0.0
0.0784313753247261
0.07058823853731155
0.09019608050584793
0.09019608050584793
0.08235294371843338
0.08627451211214066
0.0941176488995552
0.09019608050584793
0.10980392247438432
0.0784313753247261
0.0941176488995552
0.11764705926179886
0.16470588743686676
0.0980392172932625
0.12156862765550613
0.10588235408067703
0.10980392247438432
0.11764705926179886
0.10588235408067703
0.10196078568696978
0.0941176488995552
0.10588235408067703
0.10196078568696978
0.11372549086809158
0.0980392172932625
0.0941176488995552
0.0941176488995552
0.08627451211214066
0.09019608050584793
0.10196078568696978
0.08627451211214066
0.09019608050584793
0.05882352963089943
0.07058823853731155
0.09019608050584793
0.0784313753247261
0.09019608050584793
0.0980392172932625
0.08627451211214066
0.0980392172932625
0.09019608050584793
0.0980392172932625
0.0941176488995552
0.13333334028720856
0.10588235408067703
0.0941176488995552
0.12156862765550613
0.12156862765550613
0.10980392247438432
0.13725490868091583
0.10196078568696978
0.10588235408067703
0.09019608050584793
0.10588235408067703
0.10980392247438432
0.11764705926179886
0.08235294371843338
0.09019608050584793
0.10588235408067703
0.09019608050584793
0.0980392172932625
0.0980392172932625
0.09019608050584793
0.0941176488995552
0.08235294371843338
0.0784313753247261
0.0980392172932625
0.08627451211214066
0.0784313753247261
0.09019608050584793
0.10196078568696978
0.0941176488995552
0.0941176488995552
0.09019608050584793
0.10980392247438432
0.12156862765550613
0.10588235408067703
0.10196078568696978
0.11764705926179886
0.10196078568696978
0.11372549086809158
0.125490203499794
0.0980392172932625
0.10588235408067703
0.11372549086809158
0.10588235408067703
0.10588235408067703
0.10980392247438432
0.0941176488995552
0.0784313753247261
0.0941176488995552
0.07058823853731155
0.08627451211214066
0.10196078568696978
0.08627451211214066
0.08627451211214066
0.07450980693101883
0.07450980693101883
0.08627451211214066
0.08627451211214066
0.09019608050584793
0.09019608050584793
0.08627451211214066
0.08235294371843338
0.09019608050584793
0.08627451211214066
0.09019608050584793
0.11372549086809158
0.11372549086809158
0.10588235408067703
0.11372549086809158
0.10980392247438432
0.10196078568696978
0.10980392247438432
0.10588235408067703
0.10196078568696978
0.10196078568696978
0.11764705926179886
0.0941176488995552
0.0941176488995552
0.08627451211214066
0.08627451211214066
0.0941176488995552
0.08627451211214066
0.09019608050584793
0.10588235408067703
0.09019608050584793
0.08627451211214066
0.062745101749897
0.05882352963089943
0.08235294371843338
0.07058823853731155
0.07058823853731155
0.08235294371843338
0.08627451211214066
0.08627451211214066
0.0980392172932625
0.0941176488995552
0.10588235408067703
0.10980392247438432
0.10588235408067703
0.10980392247438432
0.125490203499794
0.11372549086809158
0.10196078568696978
0.12156862765550613
0.10980392247438432
0.10588235408067703
0.0980392172932625
0.10196078568696978
0.11372549086809158
0.10588235408067703
0.0980392172932625
0.0980392172932625
0.09019608050584793
0.10196078568696978
0.09019608050584793
0.10196078568696978
0.09019608050584793
0.0980392172932625
0.0784313753247261
0.0784313753247261
0.10196078568696978
0.08235294371843338
0.0941176488995552
0.10588235408067703
0.09019608050584793
0.0941176488995552
0.10588235408067703
0.0941176488995552
0.0980392172932625
0.125490203499794
0.125490203499794
0.11764705926179886
0.11372549086809158
0.11372549086809158
0.11372549086809158
0.125490203499794
0.11764705926179886
0.12941177189350128
0.11764705926179886
0.10588235408067703
0.11372549086809158
0.10588235408067703
0.09019608050584793
0.09019608050584793
0.09019608050584793
0.10980392247438432
0.10196078568696978
0.10588235408067703
0.08627451211214066
0.125490203499794
0.07058823853731155
0.0784313753247261
0.09019608050584793
0.08235294371843338
0.09019608050584793
0.10196078568696978
0.09019608050584793
0.0941176488995552
0.10196078568696978
0.0941176488995552
0.11372549086809158
0.125490203499794
0.13333334028720856
0.125490203499794
0.13725490868091583
0.13725490868091583
0.13333334028720856
0.13333334028720856
0.13333334028720856
0.13333334028720856
0.11764705926179886
0.10980392247438432
0.10588235408067703
0.10980392247438432
0.09019608050584793
0.08627451211214066
0.10196078568696978
0.10196078568696978
0.10980392247438432
0.12156862765550613
0.11372549086809158
0.125490203499794
0.05490196123719216
0.07058823853731155
0.09019608050584793
0.07450980693101883
0.0941176488995552
0.12156862765550613
0.10196078568696978
0.0941176488995552
0.11764705926179886
0.10196078568696978
0.12941177189350128
0.13725490868091583
0.14509804546833038
0.1764705926179886
0.1882352977991104
0.13333334028720856
0.13333334028720856
0.14509804546833038
0.11764705926179886
0.15294118225574493
0.15294118225574493
0.1411764770746231
0.13725490868091583
0.13725490868091583
0.0941176488995552
0.0980392172932625
0.10196078568696978
0.0980392172932625
0.0980392172932625
0.16470588743686676
0.11372549086809158
0.1568627506494522
0.11372549086809158
0.09019608050584793
0.0941176488995552
0.10196078568696978
0.11764705926179886
0.14509804546833038
0.14901961386203766
0.12941177189350128
0.12156862765550613
0.11372549086809158
0.16862745583057404
0.18431372940540316
0.21176470816135406
0.16078431904315948
0.1921568661928177
0.1882352977991104
0.1921568661928177
0.20000000298023224
0.1882352977991104
0.16470588743686676
0.14901961386203766
0.13725490868091583
0.13333334028720856
0.13725490868091583
0.125490203499794
0.10980392247438432
0.10980392247438432
0.0980392172932625
0.11372549086809158
0.18039216101169586
0.1921568661928177
0.16078431904315948
0.08627451211214066
0.10196078568696978
0.0980392172932625
0.10588235408067703
0.12156862765550613
0.13725490868091583
0.15294118225574493
0.14901961386203766
0.1411764770746231
0.1568627506494522
0.1725490242242813
0.1882352977991104
0.15294118225574493
0.1725490242242813
0.196078434586525
0.18431372940540316
0.1764705926179886
0.16078431904315948
0.1882352977991104
0.1725490242242813
0.1411764770746231
0.1411764770746231
0.1411764770746231
0.13333334028720856
0.12941177189350128
0.11764705926179886
0.2862745225429535
0.27450981736183167
0.1764705926179886
0.24313725531101227
0.1882352977991104
0.14901961386203766
0.0784313753247261
0.08627451211214066
0.10196078568696978
0.10196078568696978
0.12941177189350128
0.1568627506494522
0.16862745583057404
0.15294118225574493
0.18431372940540316
0.1882352977991104
0.21568627655506134
0.21176470816135406
0.20000000298023224
0.18431372940540316
0.1882352977991104
0.16078431904315948
0.1725490242242813
0.20000000298023224
0.1921568661928177
0.18039216101169586
0.14509804546833038
0.15294118225574493
0.1411764770746231
0.1882352977991104
0.3137255012989044
0.33725491166114807
0.30980393290519714
0.29411765933036804
0.23529411852359772
0.250980406999588
0.1921568661928177
0.16862745583057404
0.125490203499794
0.0980392172932625
0.10980392247438432
0.12941177189350128
0.11764705926179886
0.11372549086809158
0.15294118225574493
0.16470588743686676
0.21960784494876864
0.23137255012989044
0.21960784494876864
0.239215686917305
0.196078434586525
0.1921568661928177
0.1882352977991104
0.18431372940540316
0.20392157137393957
0.1921568661928177
0.1764705926179886
0.3450980484485626
0.25882354378700256
0.13725490868091583
0.14901961386203766
0.16862745583057404
0.3294117748737335
0.33333334326744085
0.33333334326744085
0.3176470696926117
0.2666666805744171
0.27843138575553894
0.1725490242242813
0.1921568661928177
0.09019608050584793
0.11764705926179886
0.12156862765550613
0.10980392247438432
0.1411764770746231
0.14509804546833038
0.14509804546833038
0.22352941334247592
0.22745098173618317
0.25882354378700256
0.250980406999588
0.23137255012989044
0.21176470816135406
0.26274511218070984
0.23529411852359772
0.23529411852359772
0.1921568661928177
0.22745098173618317
0.196078434586525
0.3960784375667572
0.40784314274787914
0.16862745583057404
0.16078431904315948
0.45098039507865906
0.4039215743541718
0.3137255012989044
0.27058824896812445
0.3490196168422699
0.24705882370471954
0.27843138575553894
0.21960784494876864
0.1921568661928177
0.125490203499794
0.0980392172932625
0.12156862765550613
0.10980392247438432
0.13725490868091583
0.1568627506494522
0.16078431904315948
0.20000000298023224
0.24313725531101227
0.27843138575553894
0.24313725531101227
0.3137255012989044
0.29411765933036804
0.27450981736183167
0.25882354378700256
0.24705882370471954
0.23137255012989044
0.21176470816135406
0.3176470696926117
0.40784314274787914
0.40784314274787914
0.18039216101169586
0.1411764770746231
0.4941176474094391
0.3529411852359772
0.44705882668495184
0.40784314274787914
0.40784314274787914
0.24313725531101227
0.27843138575553894
0.2666666805744171
0.1764705926179886
0.0941176488995552
0.12941177189350128
0.1411764770746231
0.15294118225574493
0.16470588743686676
0.1568627506494522
0.21176470816135406
0.20392157137393957
0.196078434586525
0.2078431397676468
0.24705882370471954
0.27058824896812445
0.27450981736183167
0.26274511218070984
0.3137255012989044
0.2666666805744171
0.22352941334247592
0.27450981736183167
0.3176470696926117
0.35686275362968445
0.4156862795352936
0.2823529541492462
0.2666666805744171
0.4313725531101227
0.3843137323856354
0.3607843220233917
0.35686275362968445
0.3607843220233917
0.29411765933036804
0.2823529541492462
0.2862745225429535
0.23529411852359772
0.10196078568696978
0.10980392247438432
0.13333334028720856
0.13333334028720856
0.15294118225574493
0.1921568661928177
0.21176470816135406
0.2078431397676468
0.239215686917305
0.26274511218070984
0.27058824896812445
0.3019607961177826
0.24705882370471954
0.26274511218070984
0.29411765933036804
0.2823529541492462
0.27843138575553894
0.25882354378700256
0.21176470816135406
0.33333334326744085
0.38823530077934265
0.27058824896812445
0.40784314274787914
0.42352941632270813
0.4000000059604645
0.35686275362968445
0.364705890417099
0.4392156898975373
0.364705890417099
0.24313725531101227
0.3529411852359772
0.27843138575553894
0.10196078568696978
0.10980392247438432
0.13333334028720856
0.16470588743686676
0.16862745583057404
0.1764705926179886
0.23137255012989044
0.23137255012989044
0.2078431397676468
0.3019607961177826
0.26274511218070984
0.30588236451148987
0.3019607961177826
0.27058824896812445
0.2666666805744171
0.27843138575553894
0.21176470816135406
0.1921568661928177
0.32156863808631897
0.29019609093666077
0.37254902720451355
0.4274509847164154
0.38823530077934265
0.3960784375667572
0.4000000059604645
0.3960784375667572
0.35686275362968445
0.30980393290519714
0.29019609093666077
0.23137255012989044
0.26274511218070984
0.29019609093666077
0.11764705926179886
0.12941177189350128
0.13725490868091583
0.12941177189350128
0.16470588743686676
0.20392157137393957
0.18431372940540316
0.24313725531101227
0.26274511218070984
0.22745098173618317
0.27450981736183167
0.25882354378700256
0.2980392277240753
0.22745098173618317
0.25882354378700256
0.21568627655506134
0.2549019753932953
0.250980406999588
0.37254902720451355
0.3019607961177826
0.5215686559677124
0.43529412150382996
0.43529412150382996
0.4196078479290009
0.38823530077934265
0.3529411852359772
0.3490196168422699
0.3607843220233917
0.3137255012989044
0.3019607961177826
0.29019609093666077
0.24705882370471954
0.11764705926179886
0.12941177189350128
0.125490203499794
0.15294118225574493
0.14509804546833038
0.1921568661928177
0.20000000298023224
0.2549019753932953
0.2823529541492462
0.2666666805744171
0.3137255012989044
0.27843138575553894
0.250980406999588
0.21176470816135406
0.2549019753932953
0.239215686917305
0.21176470816135406
0.4000000059604645
0.4392156898975373
0.33725491166114807
0.5882353186607361
0.4627451002597809
0.4274509847164154
0.4274509847164154
0.4039215743541718
0.364705890417099
0.3450980484485626
0.33725491166114807
0.29411765933036804
0.35686275362968445
0.2549019753932953
0.239215686917305
0.12156862765550613
0.13725490868091583
0.1411764770746231
0.14509804546833038
0.13333334028720856
0.20392157137393957
0.2078431397676468
0.1921568661928177
0.24705882370471954
0.23137255012989044
0.22745098173618317
0.2549019753932953
0.239215686917305
0.30588236451148987
0.25882354378700256
0.4588235318660736
0.5254902243614197
0.47843137383461
0.4156862795352936
0.6431372761726379
0.29019609093666077
0.46666666865348816
0.44705882668495184
0.4313725531101227
0.3764705955982208
0.3960784375667572
0.4117647111415863
0.3176470696926117
0.40784314274787914
0.3294117748737335
0.32156863808631897
0.27450981736183167
0.11372549086809158
0.11372549086809158
0.11764705926179886
0.1411764770746231
0.16470588743686676
0.16470588743686676
0.16862745583057404
0.1725490242242813
0.21176470816135406
0.22745098173618317
0.27058824896812445
0.22745098173618317
0.30980393290519714
0.32549020648002625
0.3843137323856354
0.4117647111415863
0.48235294222831726
0.5058823823928833
0.5921568870544434
0.26274511218070984
0.2862745225429535
0.4627451002597809
0.40784314274787914
0.4274509847164154
0.46666666865348816
0.3803921639919281
0.3607843220233917
0.32156863808631897
0.3764705955982208
0.6235294342041016
0.29019609093666077
0.2862745225429535
0.08627451211214066
0.08627451211214066
0.12156862765550613
0.09019608050584793
0.10980392247438432
0.12156862765550613
0.16078431904315948
0.15294118225574493
0.1764705926179886
0.27450981736183167
0.3294117748737335
0.364705890417099
0.3607843220233917
0.40784314274787914
0.4392156898975373
0.46666666865348816
0.45490196347236633
0.4941176474094391
0.18431372940540316
0.25882354378700256
0.4941176474094391
0.4627451002597809
0.45490196347236633
0.4274509847164154
0.3960784375667572
0.3843137323856354
0.3803921639919281
0.3607843220233917
0.29019609093666077
0.26274511218070984
0.2823529541492462
0.25882354378700256
0.09019608050584793
0.08627451211214066
0.0980392172932625
0.0941176488995552
0.11372549086809158
0.13725490868091583
0.14509804546833038
0.1725490242242813
0.22745098173618317
0.30588236451148987
0.2980392277240753
0.3607843220233917
0.4274509847164154
0.5529412031173706
0.45098039507865906
0.4313725531101227
0.5764706134796143
0.572549045085907
0.49803921580314636
0.501960813999176
0.47843137383461
0.46666666865348816
0.4627451002597809
0.4392156898975373
0.45490196347236633
0.43529412150382996
0.3843137323856354
0.3843137323856354
0.33725491166114807
0.32549020648002625
0.30980393290519714
0.2549019753932953
0.0784313753247261
0.08627451211214066
0.0980392172932625
0.12156862765550613
0.14509804546833038
0.20000000298023224
0.18039216101169586
0.21960784494876864
0.27843138575553894
0.25882354378700256
0.2666666805744171
0.3803921639919281
0.4156862795352936
0.4431372582912445
0.48235294222831726
0.45490196347236633
0.42352941632270813
0.47058823704719543
0.46666666865348816
0.47843137383461
0.48627451062202454
0.47450980544090277
0.4274509847164154
0.4274509847164154
0.42352941632270813
0.4313725531101227
0.4431372582912445
0.38823530077934265
0.3960784375667572
0.3490196168422699
0.3764705955982208
0.364705890417099
0.08627451211214066
0.0980392172932625
0.10588235408067703
0.0980392172932625
0.1882352977991104
0.20000000298023224
0.21568627655506134
0.20392157137393957
0.250980406999588
0.33333334326744085
0.36862745881080633
0.40784314274787914
0.39215686917305
0.4313725531101227
0.44705882668495184
0.5098039507865906
0.44705882668495184
0.49019607901573187
0.4588235318660736
0.4941176474094391
0.47450980544090277
0.49019607901573187
0.47843137383461
0.45098039507865906
0.4431372582912445
0.4274509847164154
0.4392156898975373
0.3764705955982208
0.37254902720451355
0.3803921639919281
0.37254902720451355
0.3294117748737335
0.08235294371843338
0.08235294371843338
0.14509804546833038
0.2666666805744171
0.2549019753932953
0.21568627655506134
0.24313725531101227
0.27450981736183167
0.3607843220233917
0.35686275362968445
0.43529412150382996
0.39215686917305
0.4431372582912445
0.42352941632270813
0.4392156898975373
0.4588235318660736
0.44705882668495184
0.48235294222831726
0.4313725531101227
0.45098039507865906
0.5215686559677124
0.49019607901573187
0.4941176474094391
0.4627451002597809
0.4392156898975373
0.4117647111415863
0.4313725531101227
0.3803921639919281
0.3960784375667572
0.4196078479290009
0.39215686917305
0.34117648005485535
0.0980392172932625
0.12941177189350128
0.16862745583057404
0.1882352977991104
0.24705882370471954
0.18431372940540316
0.36862745881080633
0.39215686917305
0.37254902720451355
0.40784314274787914
0.4000000059604645
0.38823530077934265
0.37254902720451355
0.44705882668495184
0.4156862795352936
0.4431372582912445
0.44705882668495184
0.45098039507865906
0.4392156898975373
0.5137255191802979
0.5803921818733215
0.5215686559677124
0.48627451062202454
0.43529412150382996
0.49019607901573187
0.4627451002597809
0.42352941632270813
0.4196078479290009
0.36862745881080633
0.3960784375667572
0.3843137323856354
0.3294117748737335
0.10980392247438432
0.12156862765550613
0.16862745583057404
0.2666666805744171
0.23137255012989044
0.33333334326744085
0.29411765933036804
0.3607843220233917
0.48627451062202454
0.3843137323856354
0.43529412150382996
0.4000000059604645
0.45098039507865906
0.4000000059604645
0.4000000059604645
0.4196078479290009
0.4000000059604645
0.3960784375667572
0.5215686559677124
0.5647059082984924
0.501960813999176
0.47843137383461
0.4431372582912445
0.4274509847164154
0.5843137502670288
0.5686274766921998
0.5372549295425415
0.545098066329956
0.5921568870544434
0.615686297416687
0.5882353186607361
0.501960813999176
0.18431372940540316
0.10588235408067703
0.24313725531101227
0.2862745225429535
0.2980392277240753
0.2862745225429535
0.3803921639919281
0.32156863808631897
0.364705890417099
0.3764705955982208
0.3490196168422699
0.4274509847164154
0.364705890417099
0.4039215743541718
0.4039215743541718
0.3803921639919281
0.3843137323856354
0.4196078479290009
0.3764705955982208
0.4431372582912445
0.4274509847164154
0.4941176474094391
0.47843137383461
0.44705882668495184
0.4313725531101227
0.4313725531101227
0.43529412150382996
0.364705890417099
0.4000000059604645
0.47843137383461
0.2666666805744171
0.3450980484485626
0.14509804546833038
0.20000000298023224
0.21960784494876864
0.24313725531101227
0.23529411852359772
0.3019607961177826
0.36862745881080633
0.2823529541492462
0.30980393290519714
0.34117648005485535
0.35686275362968445
0.34117648005485535
0.33333334326744085
0.36862745881080633
0.33333334326744085
0.4274509847164154
0.48627451062202454
0.37254902720451355
0.3960784375667572
0.42352941632270813
0.39215686917305
0.4196078479290009
0.43529412150382996
0.4117647111415863
0.4117647111415863
0.4313725531101227
0.39215686917305
0.36862745881080633
0.3764705955982208
0.34117648005485535
0.32156863808631897
0.3490196168422699
0.0980392172932625
0.1921568661928177
0.27058824896812445
0.250980406999588
0.27450981736183167
0.24705882370471954
0.25882354378700256
0.24705882370471954
0.27058824896812445
0.26274511218070984
0.29411765933036804
0.3019607961177826
0.3176470696926117
0.32549020648002625
0.3176470696926117
0.36862745881080633
0.364705890417099
0.3490196168422699
0.33333334326744085
0.3450980484485626
0.3960784375667572
0.3843137323856354
0.38823530077934265
0.3294117748737335
0.37254902720451355
0.33725491166114807
0.36862745881080633
0.35686275362968445
0.3856470656394959
0.32321569681167606
0.24254902511835102
0.27584315061569215
