0.0117647061124444
0.007843137718737125
0.007843137718737125
0.04313725605607033
0.007843137718737125
0.007843137718737125
0.0117647061124444
0.07450980693101883
0.0470588244497776
0.03921568766236305
0.0313725508749485
0.02745098061859608
0.02745098061859608
0.003921568859368563
0.07058823853731155
0.0
0.0
0.0
0.0
0.0
0.0
0.0
0.0
0.0
0.0
0.0
0.0
0.0
0.007843137718737125
0.03529411926865578
0.02745098061859608
0.0
0.05882352963089943
0.05882352963089943
0.0784313753247261
0.0784313753247261
0.10196078568696978
0.09019608050584793
0.10588235408067703
0.10980392247438432
0.11372549086809158
0.11764705926179886
0.15294118225574493
0.1725490242242813
0.1921568661928177
0.2078431397676468
0.18431372940540316
0.21960784494876864
0.15294118225574493
0.1921568661928177
0.15294118225574493
0.1725490242242813
0.16078431904315948
0.13725490868091583
0.10980392247438432
0.125490203499794
0.07058823853731155
0.0941176488995552
0.10196078568696978
0.08627451211214066
0.08627451211214066
0.0980392172932625
0.0941176488995552
0.11372549086809158
0.05882352963089943
0.062745101749897
0.07058823853731155
0.08627451211214066
0.07058823853731155
0.0980392172932625
0.10196078568696978
0.0980392172932625
0.16470588743686676
0.13725490868091583
0.14901961386203766
0.1882352977991104
0.1568627506494522
0.18039216101169586
0.18431372940540316
0.16470588743686676
0.23137255012989044
0.21960784494876864
0.22745098173618317
0.18039216101169586
0.16078431904315948
0.1725490242242813
0.12156862765550613
0.125490203499794
0.10196078568696978
0.10588235408067703
0.11764705926179886
0.12156862765550613
0.0980392172932625
0.2549019753932953
0.10588235408067703
0.12156862765550613
0.07058823853731155
0.062745101749897
0.08235294371843338
0.07058823853731155
0.0784313753247261
0.0980392172932625
0.07058823853731155
0.09019608050584793
0.14901961386203766
0.12156862765550613
0.13725490868091583
0.22745098173618317
0.21568627655506134
0.22745098173618317
0.16862745583057404
0.22352941334247592
0.27450981736183167
0.23137255012989044
0.21960784494876864
0.21568627655506134
0.1921568661928177
0.1882352977991104
0.13333334028720856
0.10196078568696978
0.0980392172932625
0.09019608050584793
0.10980392247438432
0.08627451211214066
0.0941176488995552
0.10588235408067703
0.0980392172932625
0.0941176488995552
0.07058823853731155
0.0784313753247261
0.062745101749897
0.05098039284348489
0.06666667014360428
0.08235294371843338
0.08235294371843338
0.10588235408067703
0.14901961386203766
0.13333334028720856
0.1764705926179886
0.1921568661928177
0.1764705926179886
0.16862745583057404
0.21960784494876864
0.2549019753932953
0.2862745225429535
0.24705882370471954
0.24313725531101227
0.21960784494876864
0.1764705926179886
0.16862745583057404
0.15294118225574493
0.0980392172932625
0.10980392247438432
0.10588235408067703
0.10588235408067703
0.0941176488995552
0.0941176488995552
0.10588235408067703
0.0980392172932625
0.12156862765550613
0.07450980693101883
0.09019608050584793
0.06666667014360428
0.06666667014360428
0.0980392172932625
0.06666667014360428
0.062745101749897
0.10588235408067703
0.13725490868091583
0.21176470816135406
0.1764705926179886
0.14509804546833038
0.2078431397676468
0.21568627655506134
0.20000000298023224
0.24313725531101227
0.2823529541492462
0.21176470816135406
0.26274511218070984
0.23137255012989044
0.16862745583057404
0.16862745583057404
0.1568627506494522
0.125490203499794
0.09019608050584793
0.07450980693101883
0.12156862765550613
0.0980392172932625
0.08627451211214066
0.11764705926179886
0.0980392172932625
0.10196078568696978
0.08627451211214066
0.07450980693101883
0.0941176488995552
0.08627451211214066
0.07058823853731155
0.08627451211214066
0.10588235408067703
0.12156862765550613
0.12941177189350128
0.10980392247438432
0.1921568661928177
0.22745098173618317
0.22352941334247592
0.18039216101169586
0.20000000298023224
0.22745098173618317
0.250980406999588
0.27058824896812445
0.3176470696926117
0.23137255012989044
0.1725490242242813
0.12941177189350128
0.12941177189350128
0.125490203499794
0.08627451211214066
0.0980392172932625
0.11764705926179886
0.0980392172932625
0.0941176488995552
0.11372549086809158
0.0784313753247261
0.10980392247438432
0.0980392172932625
0.09019608050584793
0.08627451211214066
0.062745101749897
0.08235294371843338
0.06666667014360428
0.07450980693101883
0.11372549086809158
0.1882352977991104
0.21176470816135406
0.2078431397676468
0.21176470816135406
0.239215686917305
0.29019609093666077
0.3019607961177826
0.27843138575553894
0.3019607961177826
0.250980406999588
0.23137255012989044
0.24705882370471954
0.1725490242242813
0.21960784494876864
0.1411764770746231
0.16078431904315948
0.11372549086809158
0.12941177189350128
0.11372549086809158
0.09019608050584793
0.10588235408067703
0.11764705926179886
0.11372549086809158
0.125490203499794
0.08235294371843338
0.11372549086809158
0.10588235408067703
0.125490203499794
0.08235294371843338
0.08235294371843338
0.0784313753247261
0.1764705926179886
0.1764705926179886
0.1568627506494522
0.23529411852359772
0.239215686917305
0.15294118225574493
0.24705882370471954
0.25882354378700256
0.2862745225429535
0.3490196168422699
0.3019607961177826
0.2666666805744171
0.21568627655506134
0.2666666805744171
0.16862745583057404
0.125490203499794
0.13333334028720856
0.0980392172932625
0.125490203499794
0.0941176488995552
0.09019608050584793
0.09019608050584793
0.10980392247438432
0.10588235408067703
0.13333334028720856
0.08235294371843338
0.09019608050584793
0.08235294371843338
0.1411764770746231
0.0784313753247261
0.062745101749897
0.0784313753247261
0.1568627506494522
0.18039216101169586
0.1882352977991104
0.22352941334247592
0.2549019753932953
0.16862745583057404
0.26274511218070984
0.2980392277240753
0.3019607961177826
0.3529411852359772
0.24705882370471954
0.29019609093666077
0.22745098173618317
0.21176470816135406
0.15294118225574493
0.16862745583057404
0.16470588743686676
0.11764705926179886
0.1411764770746231
0.14509804546833038
0.11372549086809158
0.10196078568696978
0.11372549086809158
0.10196078568696978
0.125490203499794
0.07450980693101883
0.11372549086809158
0.12941177189350128
0.0941176488995552
0.07058823853731155
0.0784313753247261
0.0941176488995552
0.12156862765550613
0.16470588743686676
0.14509804546833038
0.22352941334247592
0.21568627655506134
0.2549019753932953
0.27843138575553894
0.2823529541492462
0.30588236451148987
0.3176470696926117
0.3529411852359772
0.239215686917305
0.250980406999588
0.23137255012989044
0.2666666805744171
0.14901961386203766
0.1411764770746231
0.125490203499794
0.14901961386203766
0.10980392247438432
0.09019608050584793
0.10588235408067703
0.1411764770746231
0.10588235408067703
0.10980392247438432
0.10196078568696978
0.13333334028720856
0.10588235408067703
0.10588235408067703
0.07450980693101883
0.062745101749897
0.0941176488995552
0.18039216101169586
0.16862745583057404
0.196078434586525
0.196078434586525
0.1882352977991104
0.21568627655506134
0.3176470696926117
0.23137255012989044
0.29019609093666077
0.33725491166114807
0.3019607961177826
0.25882354378700256
0.23529411852359772
0.24705882370471954
0.15294118225574493
0.18039216101169586
0.1568627506494522
0.15294118225574493
0.12941177189350128
0.0980392172932625
0.125490203499794
0.125490203499794
0.12941177189350128
0.11764705926179886
0.13333334028720856
0.10980392247438432
0.08235294371843338
0.11764705926179886
0.10980392247438432
0.08627451211214066
0.0784313753247261
0.11764705926179886
0.14901961386203766
0.16078431904315948
0.16862745583057404
0.21568627655506134
0.250980406999588
0.239215686917305
0.29411765933036804
0.239215686917305
0.27058824896812445
0.3019607961177826
0.27450981736183167
0.2549019753932953
0.24313725531101227
0.24705882370471954
0.22352941334247592
0.1921568661928177
0.16078431904315948
0.12941177189350128
0.10588235408067703
0.10980392247438432
0.08235294371843338
0.125490203499794
0.12941177189350128
0.10588235408067703
0.10980392247438432
0.10980392247438432
0.0941176488995552
0.13333334028720856
0.10980392247438432
0.10588235408067703
0.12941177189350128
0.12941177189350128
0.16862745583057404
0.21176470816135406
0.1882352977991104
0.22745098173618317
0.2549019753932953
0.21176470816135406
0.2078431397676468
0.22352941334247592
0.30980393290519714
0.2823529541492462
0.23529411852359772
0.24705882370471954
0.2078431397676468
0.239215686917305
0.1882352977991104
0.1882352977991104
0.16862745583057404
0.14509804546833038
0.12156862765550613
0.125490203499794
0.0941176488995552
0.11372549086809158
0.10980392247438432
0.0980392172932625
0.09019608050584793
0.10980392247438432
0.11764705926179886
0.10588235408067703
0.10588235408067703
0.125490203499794
0.13725490868091583
0.14509804546833038
0.1568627506494522
0.16862745583057404
0.16078431904315948
0.2078431397676468
0.2823529541492462
0.239215686917305
0.22745098173618317
0.1882352977991104
0.2549019753932953
0.2862745225429535
0.2862745225429535
0.23529411852359772
0.1725490242242813
0.33333334326744085
0.1764705926179886
0.12156862765550613
0.1568627506494522
0.196078434586525
0.10588235408067703
0.10980392247438432
0.08627451211214066
0.10196078568696978
0.10980392247438432
0.0941176488995552
0.0941176488995552
0.125490203499794
0.10196078568696978
0.0941176488995552
0.11764705926179886
0.13333334028720856
0.11372549086809158
0.10980392247438432
0.1725490242242813
0.13333334028720856
0.1882352977991104
0.24705882370471954
0.2823529541492462
0.2549019753932953
0.21568627655506134
0.20000000298023224
0.24313725531101227
0.21568627655506134
0.250980406999588
0.250980406999588
0.20392157137393957
0.25882354378700256
0.14509804546833038
0.16470588743686676
0.11372549086809158
0.11764705926179886
0.12941177189350128
0.11372549086809158
0.0980392172932625
0.10980392247438432
0.12156862765550613
0.0941176488995552
0.0941176488995552
0.10980392247438432
0.10588235408067703
0.14901961386203766
0.12941177189350128
0.12156862765550613
0.13333334028720856
0.13725490868091583
0.13725490868091583
0.1725490242242813
0.196078434586525
0.21176470816135406
0.23529411852359772
0.2823529541492462
0.24705882370471954
0.22352941334247592
0.23137255012989044
0.2078431397676468
0.23529411852359772
0.239215686917305
0.20392157137393957
0.23137255012989044
0.2078431397676468
0.1411764770746231
0.12941177189350128
0.10196078568696978
0.125490203499794
0.10980392247438432
0.0980392172932625
0.09019608050584793
0.10980392247438432
0.07450980693101883
0.10196078568696978
0.125490203499794
0.10588235408067703
0.12156862765550613
0.0941176488995552
0.10980392247438432
0.125490203499794
0.13725490868091583
0.1411764770746231
0.10980392247438432
0.14509804546833038
0.20000000298023224
0.21960784494876864
0.22352941334247592
0.21568627655506134
0.21960784494876864
0.1882352977991104
0.25882354378700256
0.23137255012989044
0.23529411852359772
0.18431372940540316
0.20392157137393957
0.1882352977991104
0.22745098173618317
0.16862745583057404
0.1568627506494522
0.13333334028720856
0.0980392172932625
0.0980392172932625
0.0980392172932625
0.0784313753247261
0.062745101749897
0.07450980693101883
0.13725490868091583
0.15294118225574493
0.13725490868091583
0.14901961386203766
0.11372549086809158
0.13725490868091583
0.13725490868091583
0.16470588743686676
0.1725490242242813
0.1725490242242813
0.23137255012989044
0.196078434586525
0.22352941334247592
0.239215686917305
0.239215686917305
0.21960784494876864
0.239215686917305
0.21568627655506134
0.21176470816135406
0.21176470816135406
0.1882352977991104
0.16470588743686676
0.12941177189350128
0.14901961386203766
0.12941177189350128
0.10980392247438432
0.0941176488995552
0.08235294371843338
0.09019608050584793
0.07058823853731155
0.07058823853731155
0.07058823853731155
0.13725490868091583
0.125490203499794
0.12156862765550613
0.11764705926179886
0.11372549086809158
0.11372549086809158
0.11372549086809158
0.12156862765550613
0.14901961386203766
0.1764705926179886
0.196078434586525
0.22352941334247592
0.250980406999588
0.250980406999588
0.2980392277240753
0.29019609093666077
0.30980393290519714
0.239215686917305
0.23137255012989044
0.2078431397676468
0.196078434586525
0.14901961386203766
0.14509804546833038
0.13725490868091583
0.10980392247438432
0.11372549086809158
0.08235294371843338
0.05882352963089943
0.0784313753247261
0.0784313753247261
0.05490196123719216
0.07450980693101883
0.10196078568696978
0.10980392247438432
0.13725490868091583
0.10196078568696978
0.12156862765550613
0.12156862765550613
0.125490203499794
0.14509804546833038
0.15294118225574493
0.20392157137393957
0.22352941334247592
0.25882354378700256
0.24313725531101227
0.239215686917305
0.24313725531101227
0.250980406999588
0.27058824896812445
0.21176470816135406
0.196078434586525
0.20392157137393957
0.1882352977991104
0.1764705926179886
0.14509804546833038
0.15294118225574493
0.10980392247438432
0.0980392172932625
0.08235294371843338
0.08627451211214066
0.10588235408067703
0.0941176488995552
0.08627451211214066
0.07450980693101883
0.0941176488995552
0.09019608050584793
0.11372549086809158
0.12941177189350128
0.13333334028720856
0.13333334028720856
0.14509804546833038
0.15294118225574493
0.1725490242242813
0.18431372940540316
0.22352941334247592
0.24313725531101227
0.2666666805744171
0.24705882370471954
0.239215686917305
0.23137255012989044
0.239215686917305
0.21176470816135406
0.23137255012989044
0.2078431397676468
0.196078434586525
0.18039216101169586
0.13725490868091583
0.12941177189350128
0.12941177189350128
0.10196078568696978
0.0980392172932625
0.07450980693101883
0.06666667014360428
0.07058823853731155
0.062745101749897
0.07058823853731155
0.10196078568696978
0.10588235408067703
0.10980392247438432
0.12941177189350128
0.12941177189350128
0.125490203499794
0.14509804546833038
0.13333334028720856
0.125490203499794
0.18039216101169586
0.196078434586525
0.20392157137393957
0.22745098173618317
0.23529411852359772
0.27058824896812445
0.250980406999588
0.22745098173618317
0.22352941334247592
0.22352941334247592
0.21176470816135406
0.196078434586525
0.18431372940540316
0.15294118225574493
0.12941177189350128
0.10980392247438432
0.0941176488995552
0.0941176488995552
0.06666667014360428
0.08235294371843338
0.08235294371843338
0.0784313753247261
0.09019608050584793
0.09019608050584793
0.11372549086809158
0.11372549086809158
0.12941177189350128
0.14509804546833038
0.125490203499794
0.13725490868091583
0.13725490868091583
0.15294118225574493
0.196078434586525
0.18431372940540316
0.23137255012989044
0.24705882370471954
0.2078431397676468
0.24313725531101227
0.22745098173618317
0.22352941334247592
0.239215686917305
0.23529411852359772
0.1764705926179886
0.16470588743686676
0.10196078568696978
0.0941176488995552
0.0980392172932625
0.0941176488995552
0.0784313753247261
0.07450980693101883
0.07058823853731155
0.09019608050584793
0.0980392172932625
0.08627451211214066
0.08627451211214066
0.10588235408067703
0.10588235408067703
0.11372549086809158
0.10588235408067703
0.12941177189350128
0.14509804546833038
0.15294118225574493
0.16862745583057404
0.2078431397676468
0.196078434586525
0.1921568661928177
0.25882354378700256
0.22352941334247592
0.239215686917305
0.27450981736183167
0.16862745583057404
0.3019607961177826
0.12941177189350128
0.1411764770746231
0.1411764770746231
0.12941177189350128
0.11372549086809158
0.10588235408067703
0.10196078568696978
0.0784313753247261
0.06666667014360428
0.07058823853731155
0.08627451211214066
0.0941176488995552
0.08627451211214066
0.0784313753247261
0.08627451211214066
0.10588235408067703
0.12941177189350128
0.16862745583057404
0.125490203499794
0.13725490868091583
0.13725490868091583
0.15294118225574493
0.18039216101169586
0.1764705926179886
0.18431372940540316
0.16470588743686676
0.1568627506494522
0.14509804546833038
0.1411764770746231
0.14509804546833038
0.1725490242242813
0.1411764770746231
0.15294118225574493
0.13725490868091583
0.125490203499794
0.12941177189350128
0.125490203499794
0.0980392172932625
0.11764705926179886
0.10196078568696978
0.11372549086809158
0.10588235408067703
0.07450980693101883
0.10196078568696978
0.0980392172932625
0.07058823853731155
0.0941176488995552
0.16862745583057404
0.1764705926179886
0.16470588743686676
0.10588235408067703
0.10196078568696978
0.10588235408067703
0.06666667014360428
0.0784313753247261
0.12941177189350128
0.09019608050584793
0.0941176488995552
0.14509804546833038
0.16470588743686676
0.10196078568696978
0.14901961386203766
0.13333334028720856
0.125490203499794
0.125490203499794
0.16470588743686676
0.1725490242242813
0.1568627506494522
0.16470588743686676
0.13725490868091583
0.11764705926179886
0.12941177189350128
0.0980392172932625
0.09019608050584793
0.08627451211214066
0.09019608050584793
0.08235294371843338
0.07450980693101883
0.08235294371843338
0.10980392247438432
0.11372549086809158
0.125490203499794
0.0941176488995552
0.08627451211214066
0.08235294371843338
0.0784313753247261
0.0980392172932625
0.0980392172932625
0.11764705926179886
0.13333334028720856
0.1411764770746231
0.12941177189350128
0.14509804546833038
0.1411764770746231
0.10980392247438432
0.12156862765550613
0.15294118225574493
0.20000000298023224
0.1725490242242813
0.18431372940540316
0.1568627506494522
0.1411764770746231
0.13333334028720856
0.12941177189350128
0.10588235408067703
0.12156862765550613
0.0941176488995552
0.10980392247438432
0.08627451211214066
0.06666667014360428
0.08235294371843338
0.11764705926179886
0.11372549086809158
0.11372549086809158
0.10196078568696978
0.0980392172932625
0.10980392247438432
0.0980392172932625
0.10588235408067703
0.10980392247438432
0.0980392172932625
0.125490203499794
0.11764705926179886
0.11764705926179886
0.10588235408067703
0.11372549086809158
0.12156862765550613
0.1725490242242813
0.1764705926179886
0.20392157137393957
0.1725490242242813
0.1764705926179886
0.13725490868091583
0.1568627506494522
0.13725490868091583
0.13725490868091583
0.10588235408067703
0.11764705926179886
0.10196078568696978
0.12156862765550613
0.10980392247438432
0.0784313753247261
0.10196078568696978
0.08235294371843338
0.08627451211214066
0.10980392247438432
0.10980392247438432
0.08627451211214066
0.0980392172932625
0.10196078568696978
0.10196078568696978
0.0980392172932625
0.0980392172932625
0.08235294371843338
0.0980392172932625
0.10588235408067703
0.125490203499794
0.10980392247438432
0.18039216101169586
0.1882352977991104
0.16078431904315948
0.15294118225574493
0.1764705926179886
0.20000000298023224
0.14901961386203766
0.1411764770746231
0.14901961386203766
0.11372549086809158
0.14509804546833038
0.1764705926179886
0.12941177189350128
0.09019608050584793
0.09019608050584793
0.06666667014360428
0.0784313753247261
0.0941176488995552
0.10196078568696978
0.11764705926179886
0.0941176488995552
0.08627451211214066
0.08235294371843338
0.0980392172932625
0.08627451211214066
0.16078431904315948
0.1725490242242813
0.21568627655506134
0.2078431397676468
0.20000000298023224
0.2078431397676468
0.21176470816135406
0.1764705926179886
0.16862745583057404
0.1568627506494522
0.1764705926179886
0.1882352977991104
0.14509804546833038
0.1882352977991104
0.1411764770746231
0.14901961386203766
0.14901961386203766
0.12941177189350128
0.125490203499794
0.10196078568696978
0.125490203499794
0.10980392247438432
0.09019608050584793
0.08627451211214066
0.0941176488995552
0.08235294371843338
0.08235294371843338
0.07450980693101883
0.10588235408067703
0.1411764770746231
0.11764705926179886
0.20000000298023224
0.2078431397676468
0.18039216101169586
0.1725490242242813
0.18039216101169586
0.22352941334247592
0.16470588743686676
0.16862745583057404
0.15294118225574493
0.1725490242242813
0.16862745583057404
0.18039216101169586
0.18039216101169586
0.196078434586525
0.16078431904315948
0.1568627506494522
0.1411764770746231
0.125490203499794
0.125490203499794
0.10196078568696978
0.12156862765550613
0.10850980490446091
0.08396078675985337
0.044980393238365654
0.08760784536600114
